test	taille	exe	exectime	memory	mmm
1	21099	fus	0.00 1572	1		
1	21099	rap	0.00 1444	1		
1	21099	ins	0.32 1440			1
2	11029	fus	0.00 1456	1		
2	11029	rap	0.00 1264	1		
2	11029	ins	0.09 1364			1
3	9703	rap	0.00 1364		1	
3	9703	fus	0.00 1444		1	
3	9703	ins	0.07 1328			1
4	1751	ins	0.00 1140	1		
4	1751	rap	0.00 1240	1		
4	1751	fus	0.00 1260	1		
5	18315	fus	0.00 1540		1	
5	18315	rap	0.00 1324		1	
5	18315	ins	0.24 1416			1
6	11776	rap	0.00 1364	1		
6	11776	fus	0.00 1440	1		
6	11776	ins	0.10 1388			1
7	15086	fus	0.00 1544	1		
7	15086	rap	0.00 1308	1		
7	15086	ins	0.16 1404			1
8	26791	rap	0.00 1448		1	
8	26791	fus	0.00 1744	1		
8	26791	ins	0.52 1388			1
9	18047	fus	0.00 1552	1		
9	18047	rap	0.00 1428		1	
9	18047	ins	0.24 1396			1
10	29062	rap	0.00 1464		1	
10	29062	fus	0.00 1740	1		
10	29062	ins	0.62 1428			1
11	17679	fus	0.00 1460		1	
11	17679	rap	0.00 1332		1	
11	17679	ins	0.23 1408			1
12	6071	rap	0.00 1240		1	
12	6071	fus	0.00 1332		1	
12	6071	ins	0.03 1312			1
13	4600	fus	0.00 1428		1	
13	4600	rap	0.00 1316		1	
13	4600	ins	0.02 1332			1
14	23862	fus	0.00 1664	1		
14	23862	rap	0.00 1460		1	
14	23862	ins	0.41 1384			1
15	1890	fus	0.00 1264		1	
15	1890	rap	0.00 1212		1	
15	1890	ins	0.00 1140			1
16	21966	rap	0.00 1352		1	
16	21966	fus	0.00 1620	1		
16	21966	ins	0.35 1368			1
17	26292	rap	0.00 1400	1		
17	26292	fus	0.00 1688	1		
17	26292	ins	0.50 1408			1
18	21186	fus	0.00 1644	1		
18	21186	rap	0.00 1344	1		
18	21186	ins	0.32 1404			1
19	17720	fus	0.00 1592	1		
19	17720	rap	0.00 1364	1		
19	17720	ins	0.22 1268			1
20	30462	rap	0.00 1504	1		
20	30462	fus	0.00 1796	1		
20	30462	ins	0.67 1416			1
21	16993	rap	0.00 1408		1	
21	16993	fus	0.00 1524	1		
21	16993	ins	0.21 1408			1
22	1254	rap	0.00 1272			1
22	1254	ins	0.00 1272			1
22	1254	fus	0.00 1328			1
23	8361	fus	0.00 1364		1	
23	8361	rap	0.00 1192		1	
23	8361	ins	0.05 1344			1
24	19410	rap	0.00 1332	1		
24	19410	fus	0.00 1596	1		
24	19410	ins	0.28 1448			1
25	29189	fus	0.00 1644	1		
25	29189	rap	0.00 1468		1	
25	29189	ins	0.62 1512			1
26	25855	fus	0.00 1672	1		
26	25855	rap	0.00 1440		1	
26	25855	ins	0.48 1460			1
27	11504	fus	0.00 1416	1		
27	11504	rap	0.00 1384	1		
27	11504	ins	0.10 1348			1
28	31544	rap	0.00 1424		1	
28	31544	fus	0.00 1680	1		
28	31544	ins	0.72 1500			1
29	11048	fus	0.00 1484	1		
29	11048	rap	0.00 1360	1		
29	11048	ins	0.08 1320			1
30	29714	rap	0.00 1428	1		
30	29714	fus	0.00 1744	1		
30	29714	ins	0.64 1412			1
31	24487	rap	0.00 1368	1		
31	24487	fus	0.00 1660	1		
31	24487	ins	0.43 1472			1
32	2350	rap	0.00 1300	1		
32	2350	fus	0.00 1304	1		
32	2350	ins	0.00 1304			1
33	24869	fus	0.00 1624	1		
33	24869	rap	0.00 1492	1		
33	24869	ins	0.44 1368			1
34	23001	fus	0.00 1720	1		
34	23001	rap	0.00 1472	1		
34	23001	ins	0.38 1380			1
35	27916	rap	0.00 1412	1		
35	27916	fus	0.00 1688	1		
35	27916	ins	0.56 1404			1
36	23852	rap	0.00 1444		1	
36	23852	fus	0.00 1628	1		
36	23852	ins	0.41 1440			1
37	30605	fus	0.00 1712	1		
37	30605	rap	0.00 1416	1		
37	30605	ins	0.69 1468			1
38	22775	rap	0.00 1444		1	
38	22775	fus	0.00 1716		1	
38	22775	ins	0.38 1448			1
39	29835	rap	0.00 1488		1	
39	29835	fus	0.00 1764	1		
39	29835	ins	0.65 1436			1
40	23135	fus	0.00 1604		1	
40	23135	rap	0.00 1412		1	
40	23135	ins	0.40 1412			1
41	9197	fus	0.00 1404	1		
41	9197	rap	0.00 1324	1		
41	9197	ins	0.06 1352			1
42	22943	rap	0.00 1308	1		
42	22943	fus	0.00 1544	1		
42	22943	ins	0.38 1404			1
43	25318	fus	0.00 1636		1	
43	25318	rap	0.00 1480		1	
43	25318	ins	0.47 1396			1
44	32611	rap	0.00 1504	1		
44	32611	fus	0.00 1780	1		
44	32611	ins	0.78 1492			1
45	19590	fus	0.00 1616	1		
45	19590	rap	0.00 1352	1		
45	19590	ins	0.28 1412			1
46	8502	fus	0.00 1416	1		
46	8502	rap	0.00 1324	1		
46	8502	ins	0.05 1344			1
47	6626	rap	0.00 1284	1		
47	6626	fus	0.00 1424	1		
47	6626	ins	0.03 1316			1
48	31238	rap	0.00 1444	1		
48	31238	fus	0.00 1780	1		
48	31238	ins	0.76 1432			1
49	14319	fus	0.00 1408	1		
49	14319	rap	0.00 1308	1		
49	14319	ins	0.14 1380			1
50	19807	rap	0.00 1412	1		
50	19807	fus	0.00 1588	1		
50	19807	ins	0.30 1420			1
51	18189	rap	0.00 1400	1		
51	18189	fus	0.00 1592	1		
51	18189	ins	0.24 1428			1
52	18072	fus	0.00 1556	1		
52	18072	rap	0.00 1328	1		
52	18072	ins	0.24 1344			1
53	23228	rap	0.00 1460		1	
53	23228	fus	0.00 1608		1	
53	23228	ins	0.40 1436			1
54	9583	rap	0.00 1324		1	
54	9583	fus	0.00 1468		1	
54	9583	ins	0.07 1248			1
55	21346	fus	0.00 1644		1	
55	21346	rap	0.00 1348		1	
55	21346	ins	0.33 1420			1
56	900	rap	0.00 1292		1	
56	900	fus	0.00 1300		1	
56	900	ins	0.00 1272		1	
57	29214	rap	0.00 1428		1	
57	29214	fus	0.00 1644	1		
57	29214	ins	0.63 1496			1
58	18007	fus	0.00 1604	1		
58	18007	rap	0.00 1400	1		
58	18007	ins	0.24 1380			1
59	204	rap	0.00 1272			1
59	204	fus	0.00 1360			1
59	204	ins	0.00 1272			1
60	29642	rap	0.00 1428		1	
60	29642	fus	0.00 1784	1		
60	29642	ins	0.65 1488			1
61	32313	rap	0.00 1484	1		
61	32313	fus	0.00 1800	1		
61	32313	ins	0.76 1484			1
62	23471	fus	0.00 1552	1		
62	23471	rap	0.00 1420	1		
62	23471	ins	0.40 1456			1
63	17488	fus	0.00 1460	1		
63	17488	rap	0.00 1432	1		
63	17488	ins	0.22 1388			1
64	30120	rap	0.00 1520	1		
64	30120	fus	0.00 1768	1		
64	30120	ins	0.66 1524			1
65	1890	rap	0.00 1248			1
65	1890	fus	0.00 1264	1		
65	1890	ins	0.00 1308			1
66	27772	rap	0.00 1416	1		
66	27772	fus	0.00 1756	1		
66	27772	ins	0.56 1492			1
67	31111	rap	0.00 1372	1		
67	31111	fus	0.00 1716	1		
67	31111	ins	0.70 1480			1
68	10048	fus	0.00 1388	1		
68	10048	rap	0.00 1328	1		
68	10048	ins	0.07 1260			1
69	27473	rap	0.00 1400		1	
69	27473	fus	0.00 1708	1		
69	27473	ins	0.55 1412			1
70	10245	rap	0.00 1376	1		
70	10245	fus	0.00 1432	1		
70	10245	ins	0.08 1276			1
71	31900	fus	0.00 1788	1		
71	31900	rap	0.00 1508		1	
71	31900	ins	0.74 1508			1
72	5748	fus	0.00 1376	1		
72	5748	rap	0.00 1296	1		
72	5748	ins	0.02 1220			1
73	14130	fus	0.00 1476	1		
73	14130	rap	0.00 1388		1	
73	14130	ins	0.14 1388			1
74	17769	fus	0.00 1564	1		
74	17769	rap	0.00 1320		1	
74	17769	ins	0.23 1340			1
75	8934	fus	0.00 1432	1		
75	8934	rap	0.00 1264	1		
75	8934	ins	0.06 1196			1
76	21612	rap	0.00 1420	1		
76	21612	fus	0.00 1576	1		
76	21612	ins	0.34 1368			1
77	14980	fus	0.00 1552	1		
77	14980	rap	0.00 1396		1	
77	14980	ins	0.16 1404			1
78	27821	rap	0.00 1472	1		
78	27821	fus	0.00 1708	1		
78	27821	ins	0.60 1492			1
79	2763	rap	0.00 1300	1		
79	2763	fus	0.00 1276			1
79	2763	ins	0.00 1212			1
80	10868	rap	0.00 1212	1		
80	10868	fus	0.00 1448	1		
80	10868	ins	0.09 1380			1
81	22589	fus	0.00 1712		1	
81	22589	rap	0.00 1476		1	
81	22589	ins	0.38 1356			1
82	18512	rap	0.00 1376	1		
82	18512	fus	0.00 1560	1		
82	18512	ins	0.26 1344			1
83	1755	fus	0.00 1264			1
83	1755	rap	0.00 1260			1
83	1755	ins	0.00 1136			1
84	20175	rap	0.00 1444	1		
84	20175	fus	0.00 1640	1		
84	20175	ins	0.30 1336			1
85	7439	rap	0.00 1236	1		
85	7439	fus	0.00 1428	1		
85	7439	ins	0.04 1232			1
86	912	fus	0.00 1252			1
86	912	rap	0.00 1304			1
86	912	ins	0.00 1260			1
87	5078	fus	0.00 1356	1		
87	5078	rap	0.00 1292	1		
87	5078	ins	0.02 1296			1
88	23436	rap	0.00 1308		1	
88	23436	fus	0.00 1676		1	
88	23436	ins	0.40 1312			1
89	30250	fus	0.00 1728	1		
89	30250	rap	0.00 1504	1		
89	30250	ins	0.68 1368			1
90	25251	rap	0.00 1328		1	
90	25251	fus	0.00 1688	1		
90	25251	ins	0.46 1396			1
91	15569	fus	0.00 1516	1		
91	15569	rap	0.00 1348	1		
91	15569	ins	0.20 1348			1
92	28746	rap	0.00 1424		1	
92	28746	fus	0.00 1740		1	
92	28746	ins	0.62 1432			1
93	4976	fus	0.00 1392	1		
93	4976	rap	0.00 1272		1	
93	4976	ins	0.02 1296			1
94	20861	rap	0.00 1444	1		
94	20861	fus	0.00 1612	1		
94	20861	ins	0.32 1360			1
95	8326	fus	0.00 1368	1		
95	8326	rap	0.00 1192	1		
95	8326	ins	0.05 1328			1
96	27309	rap	0.00 1416		1	
96	27309	fus	0.00 1744	1		
96	27309	ins	0.58 1444			1
97	4195	rap	0.00 1208		1	
97	4195	fus	0.00 1360		1	
97	4195	ins	0.01 1216			1
98	4965	fus	0.00 1432	1		
98	4965	rap	0.00 1332	1		
98	4965	ins	0.02 1300			1
99	2655	rap	0.00 1216	1		
99	2655	fus	0.00 1272	1		
99	2655	ins	0.00 1308			1
100	7681	rap	0.00 1348		1	
100	7681	fus	0.00 1396		1	
100	7681	ins	0.04 1256			1
101	3480	fus	0.00 1336	1		
101	3480	rap	0.00 1320	1		
101	3480	ins	0.01 1284			1
102	3976	rap	0.00 1160	1		
102	3976	fus	0.00 1352	1		
102	3976	ins	0.01 1288			1
103	19618	rap	0.00 1420	1		
103	19618	fus	0.00 1620	1		
103	19618	ins	0.28 1436			1
104	12121	rap	0.00 1352	1		
104	12121	fus	0.00 1372	1		
104	12121	ins	0.11 1372			1
105	9315	fus	0.00 1412		1	
105	9315	rap	0.00 1340		1	
105	9315	ins	0.06 1328			1
106	7696	rap	0.00 1332		1	
106	7696	fus	0.00 1388		1	
106	7696	ins	0.04 1332			1
107	26627	fus	0.00 1688	1		
107	26627	rap	0.00 1504		1	
107	26627	ins	0.52 1492			1
108	9950	fus	0.00 1436	1		
108	9950	rap	0.00 1340	1		
108	9950	ins	0.08 1248			1
109	24107	rap	0.00 1368	1		
109	24107	fus	0.00 1612	1		
109	24107	ins	0.42 1488			1
110	30692	rap	0.00 1524	1		
110	30692	fus	0.00 1756	1		
110	30692	ins	0.68 1504			1
111	21862	rap	0.00 1424	1		
111	21862	fus	0.00 1624	1		
111	21862	ins	0.35 1460			1
112	18282	fus	0.00 1540	1		
112	18282	rap	0.00 1272		1	
112	18282	ins	0.25 1424			1
113	6153	fus	0.00 1328	1		
113	6153	rap	0.00 1344	1		
113	6153	ins	0.03 1228			1
114	11323	rap	0.00 1360	1		
114	11323	fus	0.00 1532	1		
114	11323	ins	0.09 1288			1
115	27798	rap	0.00 1348		1	
115	27798	fus	0.00 1748	1		
115	27798	ins	0.56 1508			1
116	1829	rap	0.00 1296	1		
116	1829	fus	0.00 1316			1
116	1829	ins	0.00 1192			1
117	8989	fus	0.00 1392		1	
117	8989	rap	0.00 1244		1	
117	8989	ins	0.06 1340			1
118	24825	rap	0.00 1376	1		
118	24825	fus	0.00 1660	1		
118	24825	ins	0.45 1448			1
119	137	ins	0.00 1256		1	
119	137	rap	0.00 1228		1	
119	137	fus	0.00 1272		1	
120	14125	fus	0.00 1504	1		
120	14125	rap	0.00 1284	1		
120	14125	ins	0.14 1332			1
121	28280	fus	0.00 1700		1	
121	28280	rap	0.00 1500		1	
121	28280	ins	0.59 1496			1
122	13615	fus	0.00 1448	1		
122	13615	rap	0.00 1284	1		
122	13615	ins	0.14 1296			1
123	8755	rap	0.00 1304	1		
123	8755	fus	0.00 1444	1		
123	8755	ins	0.05 1356			1
124	30242	rap	0.00 1476	1		
124	30242	fus	0.00 1784	1		
124	30242	ins	0.67 1468			1
125	16698	rap	0.00 1400	1		
125	16698	fus	0.00 1496	1		
125	16698	ins	0.20 1400			1
126	29826	rap	0.00 1524	1		
126	29826	fus	0.00 1740	1		
126	29826	ins	0.65 1524			1
127	11797	fus	0.00 1372	1		
127	11797	rap	0.00 1320		1	
127	11797	ins	0.10 1356			1
128	7058	rap	0.00 1248	1		
128	7058	fus	0.00 1388	1		
128	7058	ins	0.03 1240			1
129	10130	fus	0.00 1344	1		
129	10130	rap	0.00 1280		1	
129	10130	ins	0.08 1332			1
130	29351	fus	0.00 1748	1		
130	29351	rap	0.00 1416		1	
130	29351	ins	0.65 1496			1
131	26722	fus	0.00 1652	1		
131	26722	rap	0.00 1412		1	
131	26722	ins	0.52 1468			1
132	11230	fus	0.00 1456	1		
132	11230	rap	0.00 1340	1		
132	11230	ins	0.09 1384			1
133	11044	rap	0.00 1284	1		
133	11044	fus	0.00 1460	1		
133	11044	ins	0.09 1268			1
134	31001	rap	0.00 1428		1	
134	31001	fus	0.00 1672	1		
134	31001	ins	0.69 1444			1
135	32108	fus	0.00 1824	1		
135	32108	rap	0.00 1448		1	
135	32108	ins	0.76 1548			1
136	17602	fus	0.00 1564		1	
136	17602	rap	0.00 1392		1	
136	17602	ins	0.23 1268			1
137	16952	rap	0.00 1264	1		
137	16952	fus	0.00 1544	1		
137	16952	ins	0.21 1424			1
138	4072	fus	0.00 1340		1	
138	4072	rap	0.00 1284		1	
138	4072	ins	0.01 1212			1
139	21753	rap	0.00 1368	1		
139	21753	fus	0.00 1612	1		
139	21753	ins	0.34 1368			1
140	25602	rap	0.00 1440			
140	25602	fus	0.00 1664	1		
140	25602	ins	0.48 1484			1
141	32541	fus	0.00 1804	1		
141	32541	rap	0.00 1520	1		
141	32541	ins	0.78 1508			1
142	19804	fus	0.00 1552		1	
142	19804	rap	0.00 1328		1	
142	19804	ins	0.29 1412			1
143	3386	rap	0.00 1300		1	
143	3386	fus	0.00 1308		1	
143	3386	ins	0.00 1224			1
144	2656	fus	0.00 1280		1	
144	2656	ins	0.00 1300			1
144	2656	rap	0.00 1292		1	
145	14917	rap	0.00 1316	1		
145	14917	fus	0.00 1592	1		
145	14917	ins	0.17 1312			1
146	14578	fus	0.00 1480	1		
146	14578	rap	0.00 1384	1		
146	14578	ins	0.16 1392			1
147	17220	fus	0.00 1536	1		
147	17220	rap	0.00 1332	1		
147	17220	ins	0.22 1316			1
148	13506	fus	0.00 1464		1	
148	13506	rap	0.00 1392		1	
148	13506	ins	0.13 1388			1
149	13026	rap	0.00 1364	1		
149	13026	fus	0.00 1444	1		
149	13026	ins	0.12 1280			1
150	7134	rap	0.00 1308	1		
150	7134	fus	0.00 1404	1		
150	7134	ins	0.04 1340			1
151	19619	fus	0.00 1496		1	
151	19619	rap	0.00 1336		1	
151	19619	ins	0.28 1352			1
152	32131	fus	0.00 1816		1	
152	32131	rap	0.00 1424		1	
152	32131	ins	0.76 1476			1
153	21356	rap	0.00 1420		1	
153	21356	fus	0.00 1592		1	
153	21356	ins	0.33 1440			1
154	3137	rap	0.00 1216	1		
154	3137	fus	0.00 1404	1		
154	3137	ins	0.00 1320			1
155	14673	fus	0.00 1536		1	
155	14673	rap	0.00 1236		1	
155	14673	ins	0.16 1376			1
156	4	ins	0.00 1208	1		
156	4	rap	0.00 1184	1		
156	4	fus	0.00 1224	1		
157	8033	fus	0.00 1408	1		
157	8033	rap	0.00 1256		1	
157	8033	ins	0.05 1344			1
158	20968	rap	0.00 1456	1		
158	20968	fus	0.00 1616	1		
158	20968	ins	0.34 1444			1
159	25086	rap	0.00 1472	1		
159	25086	fus	0.00 1712	1		
159	25086	ins	0.46 1448			1
160	11118	rap	0.00 1336	1		
160	11118	fus	0.00 1492	1		
160	11118	ins	0.09 1372			1
161	17553	rap	0.00 1428		1	
161	17553	fus	0.00 1636		1	
161	17553	ins	0.23 1392			1
162	15684	rap	0.00 1296	1		
162	15684	fus	0.00 1484	1		
162	15684	ins	0.18 1412			1
163	27203	rap	0.00 1472		1	
163	27203	fus	0.00 1612	1		
163	27203	ins	0.55 1408			1
164	31389	rap	0.00 1424	1		
164	31389	fus	0.00 1776	1		
164	31389	ins	0.72 1532			1
165	26143	rap	0.00 1408		1	
165	26143	fus	0.00 1700	1		
165	26143	ins	0.50 1472			1
166	5083	rap	0.00 1328	1		
166	5083	fus	0.00 1332	1		
166	5083	ins	0.02 1292			1
167	12827	rap	0.00 1372		1	
167	12827	fus	0.00 1460		1	
167	12827	ins	0.12 1388			1
168	17462	rap	0.00 1324		1	
168	17462	fus	0.00 1520		1	
168	17462	ins	0.22 1416			1
169	17096	rap	0.00 1416		1	
169	17096	fus	0.00 1512	1		
169	17096	ins	0.22 1416			1
170	26380	rap	0.00 1460		1	
170	26380	fus	0.00 1724	1		
170	26380	ins	0.52 1484			1
171	22925	rap	0.00 1372		1	
171	22925	fus	0.00 1544		1	
171	22925	ins	0.39 1308			1
172	22398	fus	0.00 1604	1		
172	22398	rap	0.00 1352	1		
172	22398	ins	0.38 1336			1
173	20881	fus	0.00 1640	1		
173	20881	rap	0.00 1360		1	
173	20881	ins	0.33 1416			1
174	13165	rap	0.00 1276		1	
174	13165	fus	0.00 1440	1		
174	13165	ins	0.13 1284			1
175	19594	fus	0.00 1548	1		
175	19594	rap	0.00 1408	1		
175	19594	ins	0.28 1384			1
176	7641	rap	0.00 1340	1		
176	7641	fus	0.00 1360	1		
176	7641	ins	0.04 1340			1
177	14875	fus	0.00 1504		1	
177	14875	rap	0.00 1312		1	
177	14875	ins	0.18 1288			1
178	17967	rap	0.00 1440	1		
178	17967	fus	0.00 1576	1		
178	17967	ins	0.23 1432			1
179	16268	fus	0.00 1548	1		
179	16268	rap	0.00 1308	1		
179	16268	ins	0.19 1312			1
180	3557	fus	0.00 1412		1	
180	3557	rap	0.00 1280		1	
180	3557	ins	0.01 1224			1
181	14233	rap	0.00 1408		1	
181	14233	fus	0.00 1516		1	
181	14233	ins	0.15 1396			1
182	20945	fus	0.00 1648		1	
182	20945	rap	0.00 1360		1	
182	20945	ins	0.32 1392			1
183	7998	fus	0.00 1404	1		
183	7998	rap	0.00 1312		1	
183	7998	ins	0.05 1336			1
184	22756	rap	0.00 1452		1	
184	22756	fus	0.00 1544	1		
184	22756	ins	0.39 1380			1
185	32227	fus	0.00 1824	1		
185	32227	rap	0.00 1380	1		
185	32227	ins	0.78 1488			1
186	21279	fus	0.00 1692	1		
186	21279	rap	0.00 1396	1		
186	21279	ins	0.35 1460			1
187	15322	rap	0.00 1416		1	
187	15322	fus	0.00 1484	1		
187	15322	ins	0.17 1352			1
188	1253	fus	0.00 1300			1
188	1253	ins	0.00 1188			1
188	1253	rap	0.00 1304			1
189	22205	rap	0.00 1464		1	
189	22205	fus	0.00 1636		1	
189	22205	ins	0.36 1352			1
190	9418	rap	0.00 1252	1		
190	9418	fus	0.00 1384	1		
190	9418	ins	0.06 1324			1
191	605	ins	0.00 1236	1		
191	605	rap	0.00 1252	1		
191	605	fus	0.00 1244	1		
192	17601	fus	0.00 1556		1	
192	17601	rap	0.00 1436		1	
192	17601	ins	0.23 1436			1
193	30273	rap	0.00 1436		1	
193	30273	fus	0.00 1736	1		
193	30273	ins	0.67 1436			1
194	24423	fus	0.00 1620	1		
194	24423	rap	0.00 1368		1	
194	24423	ins	0.44 1480			1
195	28439	fus	0.00 1736	1		
195	28439	rap	0.00 1488	1		
195	28439	ins	0.67 1496			1
196	26230	rap	0.00 1404	1		
196	26230	fus	0.00 1720	1		
196	26230	ins	0.52 1404			1
197	25763	fus	0.00 1640	1		
197	25763	rap	0.00 1476	1		
197	25763	ins	0.48 1380			1
198	4858	fus	0.00 1340		1	
198	4858	rap	0.00 1264		1	
198	4858	ins	0.02 1320			1
199	24810	rap	0.00 1456		1	
199	24810	fus	0.00 1644	1		
199	24810	ins	0.46 1452			1
200	14694	rap	0.00 1308	1		
200	14694	fus	0.00 1516	1		
200	14694	ins	0.16 1340			1
201	2886	fus	0.00 1348	1		
201	2886	rap	0.00 1148	1		
201	2886	ins	0.00 1204			1
202	20227	fus	0.00 1588	1		
202	20227	rap	0.00 1448	1		
202	20227	ins	0.30 1284			1
203	31014	fus	0.00 1720	1		
203	31014	rap	0.00 1496		1	
203	31014	ins	0.72 1424			1
204	19270	rap	0.00 1416	1		
204	19270	fus	0.00 1572	1		
204	19270	ins	0.28 1328			1
205	4138	fus	0.00 1316	1		
205	4138	rap	0.00 1208		1	
205	4138	ins	0.01 1312			1
206	21272	rap	0.00 1364	1		
206	21272	fus	0.00 1572	1		
206	21272	ins	0.33 1348			1
207	21509	rap	0.00 1456	1		
207	21509	fus	0.00 1620	1		
207	21509	ins	0.34 1424			1
208	11292	rap	0.00 1356		1	
208	11292	fus	0.00 1460		1	
208	11292	ins	0.10 1364			1
209	2133	rap	0.00 1188	1		
209	2133	fus	0.00 1316	1		
209	2133	ins	0.00 1288			1
210	11468	fus	0.00 1496	1		
210	11468	rap	0.00 1272	1		
210	11468	ins	0.10 1320			1
211	13841	fus	0.00 1496	1		
211	13841	rap	0.00 1364		1	
211	13841	ins	0.14 1284			1
212	13766	rap	0.00 1344		1	
212	13766	fus	0.00 1492	1		
212	13766	ins	0.14 1336			1
213	6537	rap	0.00 1332	1		
213	6537	fus	0.00 1396	1		
213	6537	ins	0.03 1304			1
214	17961	rap	0.00 1424		1	
214	17961	fus	0.00 1536	1		
214	17961	ins	0.24 1392			1
215	23592	rap	0.00 1312		1	
215	23592	fus	0.00 1628		1	
215	23592	ins	0.40 1412			1
216	1675	rap	0.00 1248			1
216	1675	fus	0.00 1340		1	
216	1675	ins	0.00 1240			1
217	2079	fus	0.00 1288		1	
217	2079	ins	0.00 1192			1
217	2079	rap	0.00 1212		1	
218	11475	rap	0.00 1364		1	
218	11475	fus	0.00 1500		1	
218	11475	ins	0.10 1268			1
219	1381	rap	0.00 1280		1	
219	1381	fus	0.00 1340		1	
219	1381	ins	0.00 1192			1
220	2194	fus	0.00 1288		1	
220	2194	rap	0.00 1296		1	
220	2194	ins	0.00 1144			1
221	19321	fus	0.00 1536	1		
221	19321	rap	0.00 1448		1	
221	19321	ins	0.28 1280			1
222	10325	rap	0.00 1272	1		
222	10325	fus	0.00 1472	1		
222	10325	ins	0.08 1368			1
223	6008	rap	0.00 1300		1	
223	6008	fus	0.00 1332		1	
223	6008	ins	0.03 1340			1
224	6990	fus	0.00 1420	1		
224	6990	rap	0.00 1232	1		
224	6990	ins	0.03 1248			1
225	31095	rap	0.00 1472		1	
225	31095	fus	0.00 1776	1		
225	31095	ins	0.70 1444			1
226	15239	fus	0.00 1516	1		
226	15239	rap	0.00 1376	1		
226	15239	ins	0.17 1292			1
227	27521	rap	0.00 1444	1		
227	27521	fus	0.00 1688	1		
227	27521	ins	0.55 1464			1
228	7582	fus	0.00 1304		1	
228	7582	rap	0.00 1236		1	
228	7582	ins	0.04 1188			1
229	9581	fus	0.00 1460	1		
229	9581	rap	0.00 1352		1	
229	9581	ins	0.07 1352			1
230	19315	rap	0.00 1332	1		
230	19315	fus	0.00 1488	1		
230	19315	ins	0.28 1388			1
231	12283	rap	0.00 1344	1		
231	12283	fus	0.00 1424	1		
231	12283	ins	0.11 1348			1
232	13416	rap	0.00 1304	1		
232	13416	fus	0.00 1508	1		
232	13416	ins	0.13 1280			1
233	20574	rap	0.00 1420		1	
233	20574	fus	0.00 1564	1		
233	20574	ins	0.30 1444			1
234	31921	fus	0.00 1756		1	
234	31921	rap	0.00 1428		1	
234	31921	ins	0.74 1508			1
235	26394	fus	0.00 1696	1		
235	26394	rap	0.00 1488	1		
235	26394	ins	0.52 1384			1
236	5176	rap	0.00 1268	1		
236	5176	fus	0.00 1316	1		
236	5176	ins	0.02 1212			1
237	9003	fus	0.00 1452		1	
237	9003	rap	0.00 1356		1	
237	9003	ins	0.06 1264			1
238	40	fus	0.00 1316			
238	40	rap	0.00 1260			
238	40	ins	0.00 1176			
239	3907	fus	0.00 1244	1		
239	3907	rap	0.00 1156	1		
239	3907	ins	0.01 1320			1
240	8986	fus	0.00 1496		1	
240	8986	rap	0.00 1360		1	
240	8986	ins	0.06 1292			1
241	14137	rap	0.00 1288	1		
241	14137	fus	0.00 1452	1		
241	14137	ins	0.15 1388			1
242	22548	fus	0.00 1592	1		
242	22548	rap	0.00 1432		1	
242	22548	ins	0.38 1408			1
243	24841	fus	0.00 1748	1		
243	24841	rap	0.00 1468	1		
243	24841	ins	0.46 1484			1
244	19075	rap	0.00 1332		1	
244	19075	fus	0.00 1568		1	
244	19075	ins	0.27 1276			1
245	13880	fus	0.00 1528		1	
245	13880	rap	0.00 1336		1	
245	13880	ins	0.14 1288			1
246	28102	fus	0.00 1732	1		
246	28102	rap	0.00 1416		1	
246	28102	ins	0.58 1456			1
247	8024	fus	0.00 1360	1		
247	8024	rap	0.00 1236		1	
247	8024	ins	0.04 1312			1
248	856	rap	0.00 1188			1
248	856	ins	0.00 1268			1
248	856	fus	0.00 1332			1
249	25083	fus	0.00 1660		1	
249	25083	rap	0.00 1492		1	
249	25083	ins	0.46 1492			1
250	26393	fus	0.00 1704	1		
250	26393	rap	0.00 1464	1		
250	26393	ins	0.51 1472			1
251	15395	fus	0.00 1484	1		
251	15395	rap	0.00 1376		1	
251	15395	ins	0.17 1404			1
252	18076	rap	0.00 1432	1		
252	18076	fus	0.00 1596	1		
252	18076	ins	0.24 1440			1
253	29231	rap	0.00 1464		1	
253	29231	fus	0.00 1696	1		
253	29231	ins	0.63 1520			1
254	12749	fus	0.00 1456	1		
254	12749	rap	0.00 1272	1		
254	12749	ins	0.12 1364			1
255	21278	fus	0.00 1652		1	
255	21278	rap	0.00 1292		1	
255	21278	ins	0.33 1348			1
256	231	rap	0.00 1272	1		
256	231	fus	0.00 1188	1		
256	231	ins	0.00 1264	1		
257	6428	rap	0.00 1304	1		
257	6428	fus	0.00 1284	1		
257	6428	ins	0.03 1276			1
258	7213	fus	0.00 1420		1	
258	7213	rap	0.00 1324		1	
258	7213	ins	0.04 1240			1
259	2853	fus	0.00 1280		1	
259	2853	rap	0.00 1200		1	
259	2853	ins	0.00 1248			1
260	22326	rap	0.00 1412		1	
260	22326	fus	0.00 1628	1		
260	22326	ins	0.36 1368			1
261	21969	rap	0.00 1436		1	
261	21969	fus	0.00 1620	1		
261	21969	ins	0.35 1368			1
262	17089	fus	0.00 1456	1		
262	17089	rap	0.00 1432	1		
262	17089	ins	0.22 1396			1
263	24122	rap	0.00 1352		1	
263	24122	fus	0.00 1736	1		
263	24122	ins	0.44 1436			1
264	30917	rap	0.00 1496		1	
264	30917	fus	0.00 1720		1	
264	30917	ins	0.70 1528			1
265	2761	rap	0.00 1200			1
265	2761	ins	0.00 1204			1
265	2761	fus	0.00 1284			1
266	17069	rap	0.00 1408	1		
266	17069	fus	0.00 1564	1		
266	17069	ins	0.22 1432			1
267	13099	fus	0.00 1444	1		
267	13099	rap	0.00 1328	1		
267	13099	ins	0.13 1352			1
268	447	fus	0.00 1328			
268	447	ins	0.00 1188			
268	447	rap	0.00 1240			
269	26252	fus	0.00 1700	1		
269	26252	rap	0.00 1392	1		
269	26252	ins	0.51 1404			1
270	13498	rap	0.00 1376	1		
270	13498	fus	0.00 1392	1		
270	13498	ins	0.14 1376			1
271	23520	fus	0.00 1620		1	
271	23520	rap	0.00 1448		1	
271	23520	ins	0.41 1472			1
272	10875	rap	0.00 1280		1	
272	10875	fus	0.00 1452		1	
272	10875	ins	0.09 1320			1
273	8875	rap	0.00 1360		1	
273	8875	fus	0.00 1420		1	
273	8875	ins	0.05 1196			1
274	19575	fus	0.00 1592	1		
274	19575	rap	0.00 1392		1	
274	19575	ins	0.28 1424			1
275	25073	fus	0.00 1748	1		
275	25073	rap	0.00 1448		1	
275	25073	ins	0.46 1392			1
276	13232	rap	0.00 1388	1		
276	13232	fus	0.00 1500	1		
276	13232	ins	0.13 1384			1
277	10636	rap	0.00 1364	1		
277	10636	fus	0.00 1424	1		
277	10636	ins	0.08 1360			1
278	19777	fus	0.00 1496	1		
278	19777	rap	0.00 1356	1		
278	19777	ins	0.29 1452			1
279	12061	rap	0.00 1292		1	
279	12061	fus	0.00 1440	1		
279	12061	ins	0.10 1380			1
280	16346	rap	0.00 1400		1	
280	16346	fus	0.00 1512	1		
280	16346	ins	0.20 1328			1
281	24289	rap	0.00 1464		1	
281	24289	fus	0.00 1636		1	
281	24289	ins	0.43 1392			1
282	20077	rap	0.00 1416	1		
282	20077	fus	0.00 1596	1		
282	20077	ins	0.29 1444			1
283	10134	fus	0.00 1400	1		
283	10134	rap	0.00 1280	1		
283	10134	ins	0.08 1316			1
284	12742	fus	0.00 1452	1		
284	12742	rap	0.00 1364		1	
284	12742	ins	0.12 1296			1
285	30804	fus	0.00 1776	1		
285	30804	rap	0.00 1516	1		
285	30804	ins	0.70 1500			1
286	2195	rap	0.00 1144		1	
286	2195	fus	0.00 1356		1	
286	2195	ins	0.00 1192			1
287	10503	fus	0.00 1440	1		
287	10503	rap	0.00 1260	1		
287	10503	ins	0.08 1336			1
288	11995	rap	0.00 1216	1		
288	11995	fus	0.00 1496	1		
288	11995	ins	0.11 1264			1
289	21404	rap	0.00 1396		1	
289	21404	fus	0.00 1628		1	
289	21404	ins	0.35 1368			1
290	20705	rap	0.00 1444	1		
290	20705	fus	0.00 1612	1		
290	20705	ins	0.31 1292			1
291	515	rap	0.00 1180			1
291	515	fus	0.00 1264			1
291	515	ins	0.00 1184			1
292	20498	fus	0.00 1608	1		
292	20498	rap	0.00 1420	1		
292	20498	ins	0.31 1400			1
293	7946	rap	0.00 1324		1	
293	7946	fus	0.00 1376	1		
293	7946	ins	0.04 1340			1
294	1624	fus	0.00 1316	1		
294	1624	ins	0.00 1236			1
294	1624	rap	0.00 1136	1		
295	13931	fus	0.00 1512	1		
295	13931	rap	0.00 1284	1		
295	13931	ins	0.14 1308			1
296	22597	rap	0.00 1376	1		
296	22597	fus	0.00 1712	1		
296	22597	ins	0.38 1376			1
297	28405	rap	0.00 1348		1	
297	28405	fus	0.00 1800	1		
297	28405	ins	0.59 1512			1
298	21810	rap	0.00 1300		1	
298	21810	fus	0.00 1624	1		
298	21810	ins	0.35 1468			1
299	26857	rap	0.00 1508		1	
299	26857	fus	0.00 1656	1		
299	26857	ins	0.53 1476			1
300	19477	rap	0.00 1336		1	
300	19477	fus	0.00 1664		1	
300	19477	ins	0.29 1352			1
301	15750	fus	0.00 1524	1		
301	15750	rap	0.00 1392		1	
301	15750	ins	0.18 1420			1
302	26202	rap	0.00 1444		1	
302	26202	fus	0.00 1680	1		
302	26202	ins	0.50 1432			1
303	18790	fus	0.00 1572	1		
303	18790	rap	0.00 1328	1		
303	18790	ins	0.28 1348			1
304	30128	fus	0.00 1780		1	
304	30128	rap	0.00 1496		1	
304	30128	ins	0.68 1520			1
305	17695	fus	0.00 1516			
305	17695	rap	0.00 1436		1	
305	17695	ins	0.23 1336			1
306	17600	rap	0.00 1412	1		
306	17600	fus	0.00 1512	1		
306	17600	ins	0.23 1316			1
307	20042	fus	0.00 1552	1		
307	20042	rap	0.00 1432	1		
307	20042	ins	0.30 1432			1
308	596	fus	0.00 1248			1
308	596	rap	0.00 1232			1
308	596	ins	0.00 1260			1
309	3565	fus	0.00 1332	1		
309	3565	rap	0.00 1284	1		
309	3565	ins	0.01 1204			1
310	6079	fus	0.00 1384	1		
310	6079	rap	0.00 1328	1		
310	6079	ins	0.03 1332			1
311	8427	fus	0.00 1452	1		
311	8427	rap	0.00 1288		1	
311	8427	ins	0.05 1360			1
312	22357	fus	0.00 1660	1		
312	22357	rap	0.00 1464		1	
312	22357	ins	0.37 1464			1
313	21695	fus	0.00 1584	1		
313	21695	rap	0.00 1404		1	
313	21695	ins	0.35 1348			1
314	6887	rap	0.00 1308		1	
314	6887	fus	0.00 1420		1	
314	6887	ins	0.03 1248			1
315	3716	rap	0.00 1312	1		
315	3716	fus	0.00 1328	1		
315	3716	ins	0.01 1156			1
316	19421	fus	0.00 1596		1	
316	19421	rap	0.00 1352		1	
316	19421	ins	0.28 1324			1
317	16762	rap	0.00 1396		1	
317	16762	fus	0.00 1500		1	
317	16762	ins	0.21 1424			1
318	23009	rap	0.00 1356	1		
318	23009	fus	0.00 1716	1		
318	23009	ins	0.41 1460			1
319	27926	rap	0.00 1508		1	
319	27926	fus	0.00 1668	1		
319	27926	ins	0.58 1416			1
320	166	rap	0.00 1280		1	
320	166	ins	0.00 1252		1	
320	166	fus	0.00 1296		1	
321	28324	fus	0.00 1688	1		
321	28324	rap	0.00 1400	1		
321	28324	ins	0.67 1416			1
322	4750	fus	0.00 1388	1		
322	4750	rap	0.00 1296	1		
322	4750	ins	0.01 1316			1
323	1531	fus	0.00 1308		1	
323	1531	rap	0.00 1136			1
323	1531	ins	0.00 1292			1
324	28921	fus	0.00 1692	1		
324	28921	rap	0.00 1480		1	
324	28921	ins	0.76 1456			1
325	2832	ins	0.00 1288			1
325	2832	rap	0.00 1216		1	
325	2832	fus	0.00 1336			1
326	30445	rap	0.00 1424	1		
326	30445	fus	0.00 1792	1		
326	30445	ins	0.87 1368			1
327	4518	rap	0.00 1320	1		
327	4518	fus	0.00 1384	1		
327	4518	ins	0.01 1220			1
328	30397	fus	0.00 1788	1		
328	30397	rap	0.00 1364		1	
328	30397	ins	0.78 1492			1
329	17880	fus	0.00 1512		1	
329	17880	rap	0.00 1376		1	
329	17880	ins	0.28 1336			1
330	11083	fus	0.00 1424		1	
330	11083	rap	0.00 1340		1	
330	11083	ins	0.12 1364			1
331	3307	rap	0.00 1296		1	
331	3307	fus	0.00 1316		1	
331	3307	ins	0.00 1276			1
332	16716	fus	0.00 1440		1	
332	16716	rap	0.00 1320		1	
332	16716	ins	0.25 1424			1
333	16476	rap	0.00 1312		1	
333	16476	fus	0.00 1488	1		
333	16476	ins	0.24 1380			1
334	1408	rap	0.00 1184			1
334	1408	fus	0.00 1300		1	
334	1408	ins	0.00 1268			1
335	20956	rap	0.00 1428		1	
335	20956	fus	0.00 1584		1	
335	20956	ins	0.40 1448			1
336	9	rap	0.00 1280		1	
336	9	ins	0.00 1184		1	
336	9	fus	0.00 1284		1	
337	4329	rap	0.00 1208		1	
337	4329	fus	0.00 1360		1	
337	4329	ins	0.02 1208			1
338	24443	rap	0.00 1368		1	
338	24443	fus	0.00 1636	1		
338	24443	ins	0.49 1476			1
339	18011	fus	0.00 1544	1		
339	18011	rap	0.00 1368	1		
339	18011	ins	0.24 1328			1
340	19575	rap	0.00 1412		1	
340	19575	fus	0.00 1632		1	
340	19575	ins	0.28 1348			1
341	26314	fus	0.00 1680	1		
341	26314	rap	0.00 1460	1		
341	26314	ins	0.62 1504			1
342	5841	rap	0.00 1244		1	
342	5841	fus	0.00 1324	1		
342	5841	ins	0.03 1224			1
343	6879	rap	0.00 1176		1	
343	6879	fus	0.00 1384	1		
343	6879	ins	0.04 1344			1
344	30436	fus	0.00 1784		1	
344	30436	rap	0.00 1528		1	
344	30436	ins	0.73 1496			1
345	16196	rap	0.00 1420		1	
345	16196	fus	0.00 1528	1		
345	16196	ins	0.23 1408			1
346	15738	fus	0.00 1600	1		
346	15738	rap	0.00 1300		1	
346	15738	ins	0.19 1320			1
347	15867	fus	0.00 1568	1		
347	15867	rap	0.00 1376	1		
347	15867	ins	0.20 1252			1
348	32663	fus	0.00 1768	1		
348	32663	rap	0.00 1508	1		
348	32663	ins	0.94 1532			1
349	25663	rap	0.00 1380		1	
349	25663	fus	0.00 1700	1		
349	25663	ins	0.53 1332			1
350	7771	rap	0.00 1256	1		
350	7771	fus	0.00 1396	1		
350	7771	ins	0.04 1356			1
351	15519	fus	0.00 1596		1	
351	15519	rap	0.00 1296		1	
351	15519	ins	0.18 1384			1
352	18404	rap	0.00 1372		1	
352	18404	fus	0.00 1576	1		
352	18404	ins	0.25 1392			1
353	778	rap	0.00 1240			1
353	778	ins	0.00 1240			1
353	778	fus	0.00 1288			1
354	23909	rap	0.00 1364	1		
354	23909	fus	0.00 1732	1		
354	23909	ins	0.42 1452			1
355	15105	rap	0.00 1344		1	
355	15105	fus	0.00 1500		1	
355	15105	ins	0.17 1384			1
356	29835	rap	0.00 1516		1	
356	29835	fus	0.00 1760		1	
356	29835	ins	0.67 1464			1
357	1635	fus	0.00 1380		1	
357	1635	rap	0.00 1192			1
357	1635	ins	0.00 1196			1
358	29245	fus	0.00 1700	1		
358	29245	rap	0.00 1508	1		
358	29245	ins	0.63 1464			1
359	11720	fus	0.00 1476	1		
359	11720	rap	0.00 1276	1		
359	11720	ins	0.10 1292			1
360	20737	fus	0.00 1512	1		
360	20737	rap	0.00 1348	1		
360	20737	ins	0.35 1360			1
361	15556	rap	0.00 1412		1	
361	15556	fus	0.00 1476	1		
361	15556	ins	0.18 1348			1
362	11676	fus	0.00 1476		1	
362	11676	rap	0.00 1292		1	
362	11676	ins	0.10 1356			1
363	3368	fus	0.00 1340	1		
363	3368	rap	0.00 1296	1		
363	3368	ins	0.01 1248			1
364	29775	rap	0.00 1432	1		
364	29775	fus	0.00 1712	1		
364	29775	ins	0.71 1504			1
365	3720	fus	0.00 1336	1		
365	3720	rap	0.00 1212	1		
365	3720	ins	0.01 1156			1
366	14962	fus	0.00 1520	1		
366	14962	rap	0.00 1412	1		
366	14962	ins	0.17 1296			1
367	22370	rap	0.00 1432	1		
367	22370	fus	0.00 1664	1		
367	22370	ins	0.38 1360			1
368	13805	rap	0.00 1380		1	
368	13805	fus	0.00 1500	1		
368	13805	ins	0.15 1392			1
369	13969	rap	0.00 1288	1		
369	13969	fus	0.00 1492	1		
369	13969	ins	0.16 1232			1
370	12554	fus	0.00 1452	1		
370	12554	rap	0.00 1352	1		
370	12554	ins	0.12 1328			1
371	13211	rap	0.00 1376	1		
371	13211	fus	0.00 1444	1		
371	13211	ins	0.14 1232			1
372	11070	fus	0.00 1444	1		
372	11070	rap	0.00 1276		1	
372	11070	ins	0.10 1364			1
373	4803	rap	0.00 1212		1	
373	4803	fus	0.00 1364		1	
373	4803	ins	0.02 1212			1
374	26014	rap	0.00 1388	1		
374	26014	fus	0.00 1640	1		
374	26014	ins	0.63 1380			1
375	15768	rap	0.00 1372		1	
375	15768	fus	0.00 1568		1	
375	15768	ins	0.18 1308			1
376	5485	fus	0.00 1364		1	
376	5485	rap	0.00 1332		1	
376	5485	ins	0.02 1312			1
377	28196	rap	0.00 1456	1		
377	28196	fus	0.00 1756	1		
377	28196	ins	0.60 1476			1
378	15252	rap	0.00 1304		1	
378	15252	fus	0.00 1560		1	
378	15252	ins	0.18 1348			1
379	8981	fus	0.00 1396	1		
379	8981	rap	0.00 1296	1		
379	8981	ins	0.07 1356			1
380	26696	fus	0.00 1712		1	
380	26696	rap	0.00 1492		1	
380	26696	ins	0.53 1384			1
381	939	fus	0.00 1200			1
381	939	ins	0.00 1272			1
381	939	rap	0.00 1280			1
382	3887	rap	0.00 1312		1	
382	3887	fus	0.00 1296		1	
382	3887	ins	0.01 1280			1
383	29836	fus	0.00 1724	1		
383	29836	rap	0.00 1464		1	
383	29836	ins	0.68 1432			1
384	22864	rap	0.00 1444	1		
384	22864	fus	0.00 1592	1		
384	22864	ins	0.38 1376			1
385	27973	fus	0.00 1744	1		
385	27973	rap	0.00 1504	1		
385	27973	ins	0.62 1472			1
386	28752	rap	0.00 1508	1		
386	28752	fus	0.00 1704	1		
386	28752	ins	0.62 1512			1
387	19925	fus	0.00 1588	1		
387	19925	rap	0.00 1332		1	
387	19925	ins	0.29 1392			1
388	399	rap	0.00 1184			1
388	399	fus	0.00 1192			1
388	399	ins	0.00 1240			1
389	7723	rap	0.00 1240	1		
389	7723	fus	0.00 1352	1		
389	7723	ins	0.04 1356			1
390	18029	fus	0.00 1520	1		
390	18029	rap	0.00 1416		1	
390	18029	ins	0.24 1372			1
391	22533	fus	0.00 1596	1		
391	22533	rap	0.00 1464	1		
391	22533	ins	0.37 1460			1
392	20598	fus	0.00 1608	1		
392	20598	rap	0.00 1340	1		
392	20598	ins	0.35 1444			1
393	6682	rap	0.00 1248		1	
393	6682	fus	0.00 1364		1	
393	6682	ins	0.03 1348			1
394	24631	fus	0.00 1636	1		
394	24631	rap	0.00 1460		1	
394	24631	ins	0.44 1456			1
395	24492	rap	0.00 1444	1		
395	24492	fus	0.00 1672	1		
395	24492	ins	0.44 1440			1
396	13094	fus	0.00 1436	1		
396	13094	rap	0.00 1276	1		
396	13094	ins	0.12 1272			1
397	10865	rap	0.00 1260		1	
397	10865	fus	0.00 1480	1		
397	10865	ins	0.09 1276			1
398	2105	fus	0.00 1300	1		
398	2105	rap	0.00 1140	1		
398	2105	ins	0.00 1304			1
399	32087	fus	0.00 1752	1		
399	32087	rap	0.00 1380		1	
399	32087	ins	0.74 1432			1
400	7696	fus	0.00 1388	1		
400	7696	rap	0.00 1344	1		
400	7696	ins	0.04 1244			1
401	2135	fus	0.00 1300		1	
401	2135	rap	0.00 1292		1	
401	2135	ins	0.00 1200			1
402	12963	rap	0.00 1276		1	
402	12963	fus	0.00 1436		1	
402	12963	ins	0.13 1372			1
403	16433	fus	0.00 1532	1		
403	16433	rap	0.00 1356		1	
403	16433	ins	0.22 1312			1
404	6043	rap	0.00 1232	1		
404	6043	fus	0.00 1372	1		
404	6043	ins	0.03 1332			1
405	28971	rap	0.00 1508		1	
405	28971	fus	0.00 1760	1		
405	28971	ins	0.67 1464			1
406	30753	rap	0.00 1480		1	
406	30753	fus	0.00 1796	1		
406	30753	ins	0.70 1424			1
407	6835	fus	0.00 1360	1		
407	6835	rap	0.00 1224	1		
407	6835	ins	0.03 1336			1
408	13638	rap	0.00 1304	1		
408	13638	fus	0.00 1520	1		
408	13638	ins	0.15 1300			1
409	11032	rap	0.00 1332	1		
409	11032	fus	0.00 1460	1		
409	11032	ins	0.10 1356			1
410	31068	rap	0.00 1500		1	
410	31068	fus	0.00 1744	1		
410	31068	ins	0.74 1476			1
411	13674	fus	0.00 1500	1		
411	13674	rap	0.00 1388		1	
411	13674	ins	0.14 1356			1
412	3684	rap	0.00 1316	1		
412	3684	fus	0.00 1296	1		
412	3684	ins	0.01 1228			1
413	27434	fus	0.00 1688	1		
413	27434	rap	0.00 1444	1		
413	27434	ins	0.61 1488			1
414	25790	rap	0.00 1460	1		
414	25790	fus	0.00 1640	1		
414	25790	ins	0.54 1460			1
415	9513	fus	0.00 1464		1	
415	9513	rap	0.00 1300		1	
415	9513	ins	0.07 1272			1
416	20297	rap	0.00 1408		1	
416	20297	fus	0.00 1600	1		
416	20297	ins	0.30 1448			1
417	24824	rap	0.00 1480	1		
417	24824	fus	0.00 1620	1		
417	24824	ins	0.55 1324			1
418	597	rap	0.00 1176	1		
418	597	fus	0.00 1300	1		
418	597	ins	0.00 1252	1		
419	16853	fus	0.00 1520	1		
419	16853	rap	0.00 1412	1		
419	16853	ins	0.24 1260			1
420	9498	rap	0.00 1268		1	
420	9498	fus	0.00 1468	1		
420	9498	ins	0.08 1344			1
421	30294	rap	0.00 1496	1		
421	30294	fus	0.00 1788	1		
421	30294	ins	0.74 1496			1
422	26354	fus	0.00 1672	1		
422	26354	rap	0.00 1488		1	
422	26354	ins	0.53 1388			1
423	28358	fus	0.00 1736	1		
423	28358	rap	0.00 1508	1		
423	28358	ins	0.68 1504			1
424	23088	rap	0.00 1436		1	
424	23088	fus	0.00 1600	1		
424	23088	ins	0.44 1472			1
425	17761	rap	0.00 1388		1	
425	17761	fus	0.00 1592		1	
425	17761	ins	0.23 1320			1
426	8274	fus	0.00 1380	1		
426	8274	rap	0.00 1300	1		
426	8274	ins	0.05 1328			1
427	17616	rap	0.00 1324		1	
427	17616	fus	0.00 1564	1		
427	17616	ins	0.22 1424			1
428	2484	fus	0.00 1316	1		
428	2484	ins	0.00 1196			1
428	2484	rap	0.00 1220	1		
429	15675	rap	0.00 1320	1		
429	15675	fus	0.00 1552	1		
429	15675	ins	0.18 1312			1
430	15949	rap	0.00 1300		1	
430	15949	fus	0.00 1488		1	
430	15949	ins	0.19 1320			1
431	325	fus	0.00 1280		1	
431	325	ins	0.00 1184		1	
431	325	rap	0.00 1224		1	
432	11816	rap	0.00 1360		1	
432	11816	fus	0.00 1540		1	
432	11816	ins	0.10 1268			1
433	31048	rap	0.00 1420		1	
433	31048	fus	0.00 1736	1		
433	31048	ins	0.71 1492			1
434	5875	rap	0.00 1340		1	
434	5875	fus	0.00 1400	1		
434	5875	ins	0.02 1316			1
435	235	ins	0.00 1200	1		
435	235	fus	0.00 1316	1		
435	235	rap	0.00 1232	1		
436	25554	fus	0.00 1640		1	
436	25554	rap	0.00 1392		1	
436	25554	ins	0.48 1496			1
437	9377	rap	0.00 1248	1		
437	9377	fus	0.00 1428	1		
437	9377	ins	0.06 1360			1
438	2976	fus	0.00 1368	1		
438	2976	rap	0.00 1208	1		
438	2976	ins	0.00 1304			1
439	29867	rap	0.00 1464		1	
439	29867	fus	0.00 1776	1		
439	29867	ins	0.66 1516			1
440	23568	rap	0.00 1440		1	
440	23568	fus	0.00 1640		1	
440	23568	ins	0.40 1464			1
441	18670	fus	0.00 1536	1		
441	18670	rap	0.00 1432	1		
441	18670	ins	0.26 1332			1
442	11645	rap	0.00 1376		1	
442	11645	fus	0.00 1496		1	
442	11645	ins	0.10 1284			1
443	8374	rap	0.00 1256	1		
443	8374	fus	0.00 1388	1		
443	8374	ins	0.05 1292			1
444	24572	fus	0.00 1704		1	
444	24572	rap	0.00 1416		1	
444	24572	ins	0.44 1452			1
445	14172	rap	0.00 1364	1		
445	14172	fus	0.00 1460	1		
445	14172	ins	0.14 1236			1
446	6410	fus	0.00 1332	1		
446	6410	rap	0.00 1276	1		
446	6410	ins	0.03 1232			1
447	15558	rap	0.00 1372	1		
447	15558	fus	0.00 1428	1		
447	15558	ins	0.17 1384			1
448	4320	fus	0.00 1304	1		
448	4320	rap	0.00 1212	1		
448	4320	ins	0.01 1160			1
449	5971	rap	0.00 1324		1	
449	5971	fus	0.00 1400		1	
449	5971	ins	0.02 1244			1
450	27526	fus	0.00 1668	1		
450	27526	rap	0.00 1500	1		
450	27526	ins	0.56 1396			1
451	24743	rap	0.00 1452	1		
451	24743	fus	0.00 1640	1		
451	24743	ins	0.48 1492			1
452	11867	rap	0.00 1292		1	
452	11867	fus	0.00 1476	1		
452	11867	ins	0.11 1376			1
453	11418	rap	0.00 1360	1		
453	11418	fus	0.00 1452	1		
453	11418	ins	0.11 1272			1
454	2370	rap	0.00 1140	1		
454	2370	fus	0.00 1304	1		
454	2370	ins	0.00 1300			1
455	4296	fus	0.00 1344	1		
455	4296	rap	0.00 1296		1	
455	4296	ins	0.01 1316			1
456	28310	fus	0.00 1628	1		
456	28310	rap	0.00 1460		1	
456	28310	ins	0.65 1420			1
457	4005	fus	0.00 1304	1		
457	4005	ins	0.01 1216			1
457	4005	rap	0.00 1212			1
458	18307	rap	0.00 1324		1	
458	18307	fus	0.00 1528	1		
458	18307	ins	0.27 1272			1
459	3764	fus	0.00 1336		1	
459	3764	rap	0.00 1256		1	
459	3764	ins	0.01 1312			1
460	4917	rap	0.00 1212	1		
460	4917	fus	0.00 1328	1		
460	4917	ins	0.02 1288			1
461	7590	rap	0.00 1296		1	
461	7590	fus	0.00 1408	1		
461	7590	ins	0.04 1336			1
462	22309	fus	0.00 1580	1		
462	22309	rap	0.00 1412	1		
462	22309	ins	0.40 1412			1
463	27939	fus	0.00 1672	1		
463	27939	rap	0.00 1400		1	
463	27939	ins	0.61 1348			1
464	21559	rap	0.00 1368		1	
464	21559	fus	0.00 1608	1		
464	21559	ins	0.36 1384			1
465	2862	fus	0.00 1228	1		
465	2862	rap	0.00 1316	1		
465	2862	ins	0.00 1200			1
466	15451	rap	0.00 1248		1	
466	15451	fus	0.00 1548	1		
466	15451	ins	0.18 1316			1
467	13958	fus	0.00 1512	1		
467	13958	rap	0.00 1304	1		
467	13958	ins	0.14 1308			1
468	26339	fus	0.00 1680	1		
468	26339	rap	0.00 1496	1		
468	26339	ins	0.50 1488			1
469	7163	fus	0.00 1344	1		
469	7163	rap	0.00 1312	1		
469	7163	ins	0.04 1308			1
470	12888	rap	0.00 1372	1		
470	12888	fus	0.00 1508	1		
470	12888	ins	0.12 1396			1
471	26408	rap	0.00 1444		1	
471	26408	fus	0.00 1736		1	
471	26408	ins	0.50 1388			1
472	18174	rap	0.00 1428		1	
472	18174	fus	0.00 1568	1		
472	18174	ins	0.25 1380			1
473	32133	rap	0.00 1376	1		
473	32133	fus	0.00 1784	1		
473	32133	ins	0.80 1548			1
474	26647	fus	0.00 1712	1		
474	26647	rap	0.00 1468	1		
474	26647	ins	0.55 1388			1
475	2151	rap	0.00 1240		1	
475	2151	fus	0.00 1268		1	
475	2151	ins	0.00 1268			1
476	30359	rap	0.00 1524		1	
476	30359	fus	0.00 1796	1		
476	30359	ins	0.78 1440			1
477	21746	rap	0.00 1356	1		
477	21746	fus	0.00 1616	1		
477	21746	ins	0.40 1424			1
478	10475	fus	0.00 1444	1		
478	10475	rap	0.00 1276	1		
478	10475	ins	0.08 1308			1
479	13359	rap	0.00 1356	1		
479	13359	fus	0.00 1500	1		
479	13359	ins	0.14 1400			1
480	7170	fus	0.00 1424	1		
480	7170	rap	0.00 1352	1		
480	7170	ins	0.04 1256			1
481	199	fus	0.00 1360			1
481	199	rap	0.00 1184		1	
481	199	ins	0.00 1272		1	
482	24692	fus	0.00 1656		1	
482	24692	rap	0.00 1464		1	
482	24692	ins	0.60 1428			1
483	2000	fus	0.00 1300	1		
483	2000	rap	0.00 1200	1		
483	2000	ins	0.00 1252	1		
484	7206	rap	0.00 1344		1	
484	7206	fus	0.00 1420		1	
484	7206	ins	0.05 1256			1
485	22750	rap	0.00 1436	1		
485	22750	fus	0.00 1636	1		
485	22750	ins	0.43 1412			1
486	4241	fus	0.00 1372	1		
486	4241	rap	0.00 1308	1		
486	4241	ins	0.01 1288			1
487	15533	fus	0.00 1532		1	
487	15533	rap	0.00 1316		1	
487	15533	ins	0.19 1384			1
488	15689	rap	0.00 1356	1		
488	15689	fus	0.00 1532	1		
488	15689	ins	0.21 1356			1
489	13414	rap	0.00 1232		1	
489	13414	fus	0.00 1496		1	
489	13414	ins	0.15 1364			1
490	19776	rap	0.00 1284	1		
490	19776	fus	0.00 1576	1		
490	19776	ins	0.32 1404			1
491	29944	fus	0.00 1752		1	
491	29944	rap	0.00 1516		1	
491	29944	ins	0.67 1420			1
492	29953	fus	0.00 1760	1		
492	29953	rap	0.00 1508	1		
492	29953	ins	0.71 1420			1
493	21389	rap	0.00 1416	1		
493	21389	fus	0.00 1620	1		
493	21389	ins	0.36 1448			1
494	3290	rap	0.00 1260	1		
494	3290	fus	0.00 1304	1		
494	3290	ins	0.00 1200			1
495	31655	rap	0.00 1504		1	
495	31655	fus	0.00 1788	1		
495	31655	ins	0.76 1448			1
496	25517	rap	0.00 1484	1		
496	25517	fus	0.00 1696	1		
496	25517	ins	0.48 1384			1
497	13877	rap	0.00 1340		1	
497	13877	fus	0.00 1504	1		
497	13877	ins	0.14 1304			1
498	2620	fus	0.00 1332	1		
498	2620	rap	0.00 1284	1		
498	2620	ins	0.00 1220			1
499	9104	fus	0.00 1420	1		
499	9104	rap	0.00 1252	1		
499	9104	ins	0.06 1324			1
500	28039	rap	0.00 1400		1	
500	28039	fus	0.00 1620	1		
500	28039	ins	0.65 1416			1
501	26513	rap	0.00 1500		1	
501	26513	fus	0.00 1652	1		
501	26513	ins	0.52 1388			1
502	6101	rap	0.00 1224		1	
502	6101	fus	0.00 1332		1	
502	6101	ins	0.04 1332			1
503	31328	fus	0.00 1780	1		
503	31328	rap	0.00 1536		1	
503	31328	ins	0.73 1500			1
504	842	ins	0.00 1240			1
504	842	fus	0.00 1288			1
504	842	rap	0.00 1132			1
505	9035	rap	0.00 1332		1	
505	9035	fus	0.00 1424		1	
505	9035	ins	0.06 1264			1
506	23614	rap	0.00 1316	1		
506	23614	fus	0.00 1628	1		
506	23614	ins	0.46 1468			1
507	7987	fus	0.00 1408	1		
507	7987	rap	0.00 1244		1	
507	7987	ins	0.05 1332			1
508	28809	fus	0.00 1764	1		
508	28809	rap	0.00 1428		1	
508	28809	ins	0.62 1524			1
509	1280	fus	0.00 1272			1
509	1280	ins	0.00 1288			1
509	1280	rap	0.00 1184			1
510	2466	rap	0.00 1276			
510	2466	ins	0.00 1300			
510	2466	fus	0.00 1276			
511	16914	fus	0.00 1580	1		
511	16914	rap	0.00 1388	1		
511	16914	ins	0.24 1428			1
512	20296	rap	0.00 1416	1		
512	20296	fus	0.00 1592	1		
512	20296	ins	0.34 1432			1
513	22522	fus	0.00 1672		1	
513	22522	rap	0.00 1404		1	
513	22522	ins	0.44 1448			1
514	10978	rap	0.00 1364		1	
514	10978	fus	0.00 1356		1	
514	10978	ins	0.09 1256			1
515	6584	fus	0.00 1392	1		
515	6584	rap	0.00 1348	1		
515	6584	ins	0.03 1332			1
516	14623	fus	0.00 1468		1	
516	14623	rap	0.00 1364		1	
516	14623	ins	0.16 1336			1
517	26404	rap	0.00 1444	1		
517	26404	fus	0.00 1728	1		
517	26404	ins	0.52 1492			1
518	13979	fus	0.00 1452	1		
518	13979	rap	0.00 1404	1		
518	13979	ins	0.14 1292			1
519	19430	rap	0.00 1424		1	
519	19430	fus	0.00 1536	1		
519	19430	ins	0.30 1432			1
520	7042	fus	0.00 1396	1		
520	7042	rap	0.00 1252		1	
520	7042	ins	0.04 1340			1
521	5816	fus	0.00 1356		1	
521	5816	rap	0.00 1280		1	
521	5816	ins	0.03 1240			1
522	14716	fus	0.00 1408	1		
522	14716	rap	0.00 1344	1		
522	14716	ins	0.18 1376			1
523	7306	fus	0.00 1420	1		
523	7306	rap	0.00 1232	1		
523	7306	ins	0.04 1292			1
524	26032	fus	0.00 1672		1	
524	26032	rap	0.00 1380		1	
524	26032	ins	0.54 1460			1
525	24033	rap	0.00 1452		1	
525	24033	fus	0.00 1688		1	
525	24033	ins	0.48 1384			1
526	5488	fus	0.00 1376	1		
526	5488	rap	0.00 1236	1		
526	5488	ins	0.02 1276			1
527	4532	rap	0.00 1312	1		
527	4532	fus	0.00 1392	1		
527	4532	ins	0.02 1220			1
528	25286	rap	0.00 1464		1	
528	25286	fus	0.00 1584	1		
528	25286	ins	0.49 1324			1
529	23286	rap	0.00 1452		1	
529	23286	fus	0.00 1620	1		
529	23286	ins	0.42 1368			1
530	2634	fus	0.00 1324		1	
530	2634	rap	0.00 1272			1
530	2634	ins	0.00 1248			1
531	15344	rap	0.00 1320		1	
531	15344	fus	0.00 1508		1	
531	15344	ins	0.19 1392			1
532	26343	fus	0.00 1704	1		
532	26343	rap	0.00 1384	1		
532	26343	ins	0.51 1388			1
533	30542	rap	0.00 1368		1	
533	30542	fus	0.00 1748		1	
533	30542	ins	0.77 1436			1
534	20282	fus	0.00 1576		1	
534	20282	rap	0.00 1356		1	
534	20282	ins	0.35 1424			1
535	8426	rap	0.00 1192		1	
535	8426	fus	0.00 1420	1		
535	8426	ins	0.05 1360			1
536	3973	rap	0.00 1328		1	
536	3973	fus	0.00 1304		1	
536	3973	ins	0.01 1316			1
537	12312	rap	0.00 1332		1	
537	12312	fus	0.00 1376	1		
537	12312	ins	0.12 1392			1
538	21059	fus	0.00 1640	1		
538	21059	rap	0.00 1352			
538	21059	ins	0.38 1380			1
539	25517	rap	0.00 1384		1	
539	25517	fus	0.00 1632		1	
539	25517	ins	0.50 1464			1
540	5677	rap	0.00 1268	1		
540	5677	fus	0.00 1396	1		
540	5677	ins	0.02 1292			1
541	13836	rap	0.00 1392		1	
541	13836	fus	0.00 1456		1	
541	13836	ins	0.15 1300			1
542	10121	fus	0.00 1468	1		
542	10121	rap	0.00 1332	1		
542	10121	ins	0.09 1276			1
543	14254	fus	0.00 1452	1		
543	14254	rap	0.00 1348	1		
543	14254	ins	0.18 1292			1
544	21045	rap	0.00 1464	1		
544	21045	fus	0.00 1516	1		
544	21045	ins	0.38 1448			1
545	13243	fus	0.00 1448		1	
545	13243	rap	0.00 1332		1	
545	13243	ins	0.15 1280			1
546	26167	rap	0.00 1436		1	
546	26167	fus	0.00 1768		1	
546	26167	ins	0.55 1336			1
547	22417	rap	0.00 1360		1	
547	22417	fus	0.00 1536		1	
547	22417	ins	0.42 1448			1
548	4317	rap	0.00 1260		1	
548	4317	fus	0.00 1308		1	
548	4317	ins	0.01 1208			1
549	25712	fus	0.00 1588	1		
549	25712	rap	0.00 1492	1		
549	25712	ins	0.55 1400			1
550	17426	fus	0.00 1568		1	
550	17426	rap	0.00 1316		1	
550	17426	ins	0.27 1404			1
551	18990	fus	0.00 1588		1	
551	18990	rap	0.00 1408		1	
551	18990	ins	0.30 1404			1
552	19138	fus	0.00 1588	1		
552	19138	rap	0.00 1412		1	
552	19138	ins	0.32 1416			1
553	22976	rap	0.00 1412	1		
553	22976	fus	0.00 1544	1		
553	22976	ins	0.43 1408			1
554	6138	rap	0.00 1328			1
554	6138	ins	0.03 1332			1
554	6138	fus	0.00 1408			1
555	16879	rap	0.00 1396		1	
555	16879	fus	0.00 1452		1	
555	16879	ins	0.21 1388			1
556	920	fus	0.00 1268			
556	920	ins	0.00 1292			
556	920	rap	0.00 1260			
557	6584	fus	0.00 1340		1	
557	6584	rap	0.00 1180		1	
557	6584	ins	0.03 1324			1
558	8268	fus	0.00 1440		1	
558	8268	rap	0.00 1328		1	
558	8268	ins	0.05 1360			1
559	9811	rap	0.00 1304	1		
559	9811	fus	0.00 1388	1		
559	9811	ins	0.07 1252			1
560	17260	rap	0.00 1400	1		
560	17260	fus	0.00 1580	1		
560	17260	ins	0.26 1400			1
561	7952	fus	0.00 1380		1	
561	7952	rap	0.00 1348		1	
561	7952	ins	0.06 1288			1
562	7954	rap	0.00 1328		1	
562	7954	fus	0.00 1356		1	
562	7954	ins	0.04 1288			1
563	12086	rap	0.00 1356	1		
563	12086	fus	0.00 1416	1		
563	12086	ins	0.11 1320			1
564	22397	rap	0.00 1432	1		
564	22397	fus	0.00 1708	1		
564	22397	ins	0.37 1452			1
565	31303	rap	0.00 1428		1	
565	31303	fus	0.00 1728	1		
565	31303	ins	0.79 1528			1
566	27181	rap	0.00 1480		1	
566	27181	fus	0.00 1668		1	
566	27181	ins	0.63 1408			1
567	1424	rap	0.00 1292			1
567	1424	fus	0.00 1344	1		
567	1424	ins	0.00 1248			1
568	32309	fus	0.00 1816		1	
568	32309	rap	0.00 1520		1	
568	32309	ins	0.84 1452			1
569	19	rap	0.00 1264		1	
569	19	fus	0.00 1316		1	
569	19	ins	0.00 1224		1	
570	14758	rap	0.00 1396	1		
570	14758	fus	0.00 1416	1		
570	14758	ins	0.18 1412			1
571	450	fus	0.00 1192		1	
571	450	rap	0.00 1268		1	
571	450	ins	0.00 1300		1	
572	9865	rap	0.00 1204		1	
572	9865	fus	0.00 1392	1		
572	9865	ins	0.09 1356			1
573	16302	fus	0.00 1532	1		
573	16302	rap	0.00 1380	1		
573	16302	ins	0.19 1376			1
574	23664	fus	0.00 1664	1		
574	23664	rap	0.00 1468		1	
574	23664	ins	0.41 1368			1
575	5604	fus	0.00 1344	1		
575	5604	rap	0.00 1172	1		
575	5604	ins	0.02 1328			1
576	18977	fus	0.00 1552		1	
576	18977	rap	0.00 1348		1	
576	18977	ins	0.36 1328			1
577	29704	rap	0.00 1532		1	
577	29704	fus	0.00 1760	1		
577	29704	ins	0.70 1488			1
578	26831	fus	0.00 1716	1		
578	26831	rap	0.00 1476		1	
578	26831	ins	0.58 1392			1
579	4847	fus	0.00 1340	1		
579	4847	rap	0.00 1220		1	
579	4847	ins	0.02 1324			1
580	26262	rap	0.00 1388		1	
580	26262	fus	0.00 1768	1		
580	26262	ins	0.51 1436			1
581	18428	fus	0.00 1568	1		
581	18428	rap	0.00 1424		1	
581	18428	ins	0.25 1272			1
582	5168	rap	0.00 1216		1	
582	5168	fus	0.00 1316	1		
582	5168	ins	0.02 1224			1
583	4166	rap	0.00 1208	1		
583	4166	fus	0.00 1356	1		
583	4166	ins	0.01 1256			1
584	13725	rap	0.00 1304	1		
584	13725	fus	0.00 1492	1		
584	13725	ins	0.14 1292			1
585	10588	fus	0.00 1520	1		
585	10588	rap	0.00 1260	1		
585	10588	ins	0.08 1280			1
586	5838	fus	0.00 1344	1		
586	5838	rap	0.00 1228	1		
586	5838	ins	0.02 1296			1
587	29531	rap	0.00 1412	1		
587	29531	fus	0.00 1732	1		
587	29531	ins	0.67 1516			1
588	1585	fus	0.00 1256			1
588	1585	ins	0.00 1208			1
588	1585	rap	0.00 1292			1
589	13654	rap	0.00 1232	1		
589	13654	fus	0.00 1452	1		
589	13654	ins	0.16 1400			1
590	17910	rap	0.00 1316		1	
590	17910	fus	0.00 1568	1		
590	17910	ins	0.27 1312			1
591	20120	fus	0.00 1636		1	
591	20120	rap	0.00 1340		1	
591	20120	ins	0.32 1448			1
592	13851	fus	0.00 1400	1		
592	13851	rap	0.00 1400	1		
592	13851	ins	0.14 1236			1
593	30651	fus	0.00 1720	1		
593	30651	rap	0.00 1508		1	
593	30651	ins	0.69 1492			1
594	26226	rap	0.00 1504	1		
594	26226	fus	0.00 1692	1		
594	26226	ins	0.50 1436			1
595	27831	fus	0.00 1728		1	
595	27831	rap	0.00 1472		1	
595	27831	ins	0.56 1348			1
596	9204	fus	0.00 1424	1		
596	9204	rap	0.00 1368		1	
596	9204	ins	0.06 1368			1
597	13856	fus	0.00 1504		1	
597	13856	rap	0.00 1356		1	
597	13856	ins	0.14 1288			1
598	13254	rap	0.00 1384		1	
598	13254	fus	0.00 1444		1	
598	13254	ins	0.13 1388			1
599	19819	fus	0.00 1588	1		
599	19819	rap	0.00 1280	1		
599	19819	ins	0.29 1452			1
600	23842	rap	0.00 1380		1	
600	23842	fus	0.00 1628	1		
600	23842	ins	0.42 1316			1
601	4647	fus	0.00 1304	1		
601	4647	rap	0.00 1332			1
601	4647	ins	0.01 1316			1
602	29375	fus	0.00 1816		1	
602	29375	rap	0.00 1528		1	
602	29375	ins	0.70 1428			1
603	2835	rap	0.00 1248	1		
603	2835	fus	0.00 1208	1		
603	2835	ins	0.00 1284			1
604	10959	rap	0.00 1340	1		
604	10959	fus	0.00 1460	1		
604	10959	ins	0.09 1356			1
605	10689	rap	0.00 1336	1		
605	10689	fus	0.00 1476	1		
605	10689	ins	0.08 1276			1
606	30491	fus	0.00 1760	1		
606	30491	rap	0.00 1528		1	
606	30491	ins	0.76 1432			1
607	22303	rap	0.00 1412		1	
607	22303	fus	0.00 1604		1	
607	22303	ins	0.36 1464			1
608	2914	rap	0.00 1272	1		
608	2914	fus	0.00 1352	1		
608	2914	ins	0.00 1216			1
609	27864	fus	0.00 1712		1	
609	27864	rap	0.00 1348		1	
609	27864	ins	0.59 1508			1
610	30655	rap	0.00 1516		1	
610	30655	fus	0.00 1800	1		
610	30655	ins	0.69 1492			1
611	26512	rap	0.00 1444		1	
611	26512	fus	0.00 1704		1	
611	26512	ins	0.50 1480			1
612	28318	rap	0.00 1496	1		
612	28318	fus	0.00 1680	1		
612	28318	ins	0.61 1420			1
613	31631	fus	0.00 1816		1	
613	31631	rap	0.00 1484		1	
613	31631	ins	0.81 1524			1
614	13118	fus	0.00 1472	1		
614	13118	rap	0.00 1368	1		
614	13118	ins	0.13 1384			1
615	18832	rap	0.00 1432	1		
615	18832	fus	0.00 1480	1		
615	18832	ins	0.27 1416			1
616	17872	rap	0.00 1404		1	
616	17872	fus	0.00 1588		1	
616	17872	ins	0.24 1336			1
617	12680	fus	0.00 1480	1		
617	12680	rap	0.00 1332	1		
617	12680	ins	0.12 1392			1
618	9028	fus	0.00 1424	1		
618	9028	rap	0.00 1360	1		
618	9028	ins	0.06 1320			1
619	27170	rap	0.00 1400	1		
619	27170	fus	0.00 1716	1		
619	27170	ins	0.54 1480			1
620	3406	rap	0.00 1200		1	
620	3406	fus	0.00 1304		1	
620	3406	ins	0.00 1308			1
621	16766	rap	0.00 1384		1	
621	16766	fus	0.00 1516		1	
621	16766	ins	0.21 1360			1
622	26539	fus	0.00 1652	1		
622	26539	rap	0.00 1488		1	
622	26539	ins	0.52 1492			1
623	26873	fus	0.00 1708	1		
623	26873	rap	0.00 1500	1		
623	26873	ins	0.56 1388			1
624	3173	rap	0.00 1260		1	
624	3173	ins	0.00 1300			1
624	3173	fus	0.00 1300			1
625	25101	fus	0.00 1688	1		
625	25101	rap	0.00 1396		1	
625	25101	ins	0.48 1496			1
626	26894	rap	0.00 1504		1	
626	26894	fus	0.00 1652		1	
626	26894	ins	0.55 1464			1
627	26904	fus	0.00 1732	1		
627	26904	rap	0.00 1412	1		
627	26904	ins	0.62 1508			1
628	21507	rap	0.00 1356		1	
628	21507	fus	0.00 1632		1	
628	21507	ins	0.41 1424			1
629	28140	fus	0.00 1752	1		
629	28140	rap	0.00 1504	1		
629	28140	ins	0.61 1452			1
630	31502	rap	0.00 1428	1		
630	31502	fus	0.00 1676	1		
630	31502	ins	0.79 1532			1
631	671	fus	0.00 1240			1
631	671	ins	0.00 1200			1
631	671	rap	0.00 1268			1
632	13309	rap	0.00 1360		1	
632	13309	fus	0.00 1440		1	
632	13309	ins	0.13 1284			1
633	21184	rap	0.00 1344		1	
633	21184	fus	0.00 1588		1	
633	21184	ins	0.33 1348			1
634	30784	rap	0.00 1476		1	
634	30784	fus	0.00 1736	1		
634	30784	ins	0.72 1424			1
635	27993	rap	0.00 1480	1		
635	27993	fus	0.00 1696	1		
635	27993	ins	0.58 1484			1
636	15628	rap	0.00 1376		1	
636	15628	fus	0.00 1596	1		
636	15628	ins	0.18 1248			1
637	5920	fus	0.00 1344	1		
637	5920	rap	0.00 1280	1		
637	5920	ins	0.03 1224			1
638	31726	fus	0.00 1804		1	
638	31726	rap	0.00 1424		1	
638	31726	ins	0.77 1512			1
639	28470	rap	0.00 1408		1	
639	28470	fus	0.00 1736	1		
639	28470	ins	0.62 1508			1
640	6647	rap	0.00 1248		1	
640	6647	fus	0.00 1396	1		
640	6647	ins	0.03 1340			1
641	22363	rap	0.00 1376	1		
641	22363	fus	0.00 1588	1		
641	22363	ins	0.37 1456			1
642	18470	rap	0.00 1436	1		
642	18470	fus	0.00 1584	1		
642	18470	ins	0.25 1384			1
643	1832	rap	0.00 1244		1	
643	1832	fus	0.00 1320		1	
643	1832	ins	0.00 1284			1
644	8290	fus	0.00 1408		1	
644	8290	rap	0.00 1260		1	
644	8290	ins	0.05 1316			1
645	12359	rap	0.00 1280	1		
645	12359	fus	0.00 1460	1		
645	12359	ins	0.11 1272			1
646	25172	fus	0.00 1692	1		
646	25172	rap	0.00 1460	1		
646	25172	ins	0.46 1396			1
647	16605	rap	0.00 1416	1		
647	16605	fus	0.00 1568	1		
647	16605	ins	0.20 1356			1
648	11843	rap	0.00 1220	1		
648	11843	fus	0.00 1464	1		
648	11843	ins	0.10 1356			1
649	841	fus	0.00 1296		1	
649	841	ins	0.00 1284		1	
649	841	rap	0.00 1268		1	
650	30509	fus	0.00 1772	1		
650	30509	rap	0.00 1524	1		
650	30509	ins	0.68 1512			1
651	30408	fus	0.00 1796	1		
651	30408	rap	0.00 1532	1		
651	30408	ins	0.69 1524			1
652	4619	fus	0.00 1360	1		
652	4619	rap	0.00 1316		1	
652	4619	ins	0.02 1236			1
653	12649	fus	0.00 1504	1		
653	12649	rap	0.00 1332	1		
653	12649	ins	0.13 1276			1
654	16472	fus	0.00 1548	1		
654	16472	rap	0.00 1256		1	
654	16472	ins	0.21 1312			1
655	10868	rap	0.00 1344	1		
655	10868	fus	0.00 1428	1		
655	10868	ins	0.09 1372			1
656	23538	rap	0.00 1408		1	
656	23538	fus	0.00 1600	1		
656	23538	ins	0.42 1440			1
657	3150	rap	0.00 1208		1	
657	3150	fus	0.00 1280	1		
657	3150	ins	0.00 1252	1		
658	5010	rap	0.00 1216		1	
658	5010	fus	0.00 1360		1	
658	5010	ins	0.02 1324			1
659	12930	fus	0.00 1484	1		
659	12930	rap	0.00 1396	1		
659	12930	ins	0.12 1384			1
660	5011	fus	0.00 1336	1		
660	5011	rap	0.00 1296	1		
660	5011	ins	0.02 1276			1
661	28464	fus	0.00 1696	1		
661	28464	rap	0.00 1504	1		
661	28464	ins	0.60 1520			1
662	30242	fus	0.00 1720	1		
662	30242	rap	0.00 1440	1		
662	30242	ins	0.67 1368			1
663	29669	fus	0.00 1704	1		
663	29669	rap	0.00 1416		1	
663	29669	ins	0.65 1468			1
664	6423	rap	0.00 1248		1	
664	6423	fus	0.00 1352	1		
664	6423	ins	0.03 1304			1
665	24513	rap	0.00 1488		1	
665	24513	fus	0.00 1640	1		
665	24513	ins	0.44 1444			1
666	14082	fus	0.00 1460		1	
666	14082	rap	0.00 1236		1	
666	14082	ins	0.16 1344			1
667	14046	rap	0.00 1404		1	
667	14046	fus	0.00 1448			
667	14046	ins	0.15 1360			1
668	32149	fus	0.00 1792		1	
668	32149	rap	0.00 1512		1	
668	32149	ins	0.77 1436			1
669	4232	fus	0.00 1300	1		
669	4232	rap	0.00 1284	1		
669	4232	ins	0.01 1232			1
670	2248	fus	0.00 1288	1		
670	2248	rap	0.00 1216	1		
670	2248	ins	0.00 1300			1
671	12583	rap	0.00 1328		1	
671	12583	fus	0.00 1432	1		
671	12583	ins	0.12 1352			1
672	6420	fus	0.00 1356	1		
672	6420	rap	0.00 1316	1		
672	6420	ins	0.03 1304			1
673	9138	fus	0.00 1504	1		
673	9138	rap	0.00 1252		1	
673	9138	ins	0.06 1324			1
674	12024	rap	0.00 1328		1	
674	12024	fus	0.00 1496	1		
674	12024	ins	0.11 1388			1
675	21756	rap	0.00 1296		1	
675	21756	fus	0.00 1572	1		
675	21756	ins	0.35 1460			1
676	13974	rap	0.00 1396		1	
676	13974	fus	0.00 1404	1		
676	13974	ins	0.14 1292			1
677	28401	rap	0.00 1352		1	
677	28401	fus	0.00 1756	1		
677	28401	ins	0.60 1508			1
678	24130	rap	0.00 1372	1		
678	24130	fus	0.00 1660	1		
678	24130	ins	0.42 1320			1
679	29044	rap	0.00 1404	1		
679	29044	fus	0.00 1692	1		
679	29044	ins	0.62 1480			1
680	20909	rap	0.00 1444		1	
680	20909	fus	0.00 1608	1		
680	20909	ins	0.32 1292			1
681	22341	rap	0.00 1364	1		
681	22341	fus	0.00 1608	1		
681	22341	ins	0.37 1372			1
682	6827	fus	0.00 1460		1	
682	6827	rap	0.00 1308		1	
682	6827	ins	0.03 1236			1
683	11565	fus	0.00 1492	1		
683	11565	rap	0.00 1360	1		
683	11565	ins	0.10 1268			1
684	15355	fus	0.00 1536		1	
684	15355	rap	0.00 1296		1	
684	15355	ins	0.17 1248			1
685	2168	fus	0.00 1344	1		
685	2168	rap	0.00 1296			1
685	2168	ins	0.00 1244			1
686	21377	rap	0.00 1440		1	
686	21377	fus	0.00 1612	1		
686	21377	ins	0.33 1364			1
687	24493	rap	0.00 1456		1	
687	24493	fus	0.00 1672	1		
687	24493	ins	0.44 1468			1
688	4574	rap	0.00 1216	1		
688	4574	fus	0.00 1344	1		
688	4574	ins	0.02 1288			1
689	16138	fus	0.00 1536		1	
689	16138	rap	0.00 1404		1	
689	16138	ins	0.19 1388			1
690	1922	rap	0.00 1216	1		
690	1922	ins	0.00 1288			1
690	1922	fus	0.00 1340	1		
691	8732	rap	0.00 1244	1		
691	8732	fus	0.00 1456	1		
691	8732	ins	0.06 1244			1
692	14507	rap	0.00 1312		1	
692	14507	fus	0.00 1460	1		
692	14507	ins	0.15 1400			1
693	3085	fus	0.00 1356	1		
693	3085	rap	0.00 1208		1	
693	3085	ins	0.00 1260			1
694	18290	fus	0.00 1524	1		
694	18290	rap	0.00 1440	1		
694	18290	ins	0.25 1320			1
695	16981	rap	0.00 1316	1		
695	16981	fus	0.00 1544	1		
695	16981	ins	0.21 1420			1
696	596	ins	0.00 1264			1
696	596	rap	0.00 1300			1
696	596	fus	0.00 1244			1
697	31681	fus	0.00 1752		1	
697	31681	rap	0.00 1528		1	
697	31681	ins	0.73 1448			1
698	27098	fus	0.00 1732	1		
698	27098	rap	0.00 1464	1		
698	27098	ins	0.61 1496			1
699	2143	ins	0.00 1208			1
699	2143	rap	0.00 1264			1
699	2143	fus	0.00 1356			1
700	27905	rap	0.00 1480		1	
700	27905	fus	0.00 1696	1		
700	27905	ins	0.58 1456			1
701	6516	rap	0.00 1248	1		
701	6516	fus	0.00 1368	1		
701	6516	ins	0.04 1312			1
702	27939	rap	0.00 1500		1	
702	27939	fus	0.00 1660	1		
702	27939	ins	0.59 1460			1
703	20643	fus	0.00 1584	1		
703	20643	rap	0.00 1364	1		
703	20643	ins	0.31 1388			1
704	20610	rap	0.00 1388		1	
704	20610	fus	0.00 1556		1	
704	20610	ins	0.31 1404			1
705	23466	fus	0.00 1600	1		
705	23466	rap	0.00 1436		1	
705	23466	ins	0.41 1380			1
706	16504	fus	0.00 1560	1		
706	16504	rap	0.00 1364	1		
706	16504	ins	0.20 1416			1
707	11716	rap	0.00 1268	1		
707	11716	fus	0.00 1436	1		
707	11716	ins	0.10 1376			1
708	24683	fus	0.00 1696	1		
708	24683	rap	0.00 1308	1		
708	24683	ins	0.45 1392			1
709	16091	rap	0.00 1300		1	
709	16091	fus	0.00 1560		1	
709	16091	ins	0.19 1308			1
710	30728	rap	0.00 1428	1		
710	30728	fus	0.00 1768	1		
710	30728	ins	0.75 1420			1
711	4776	fus	0.00 1360			
711	4776	ins	0.01 1312			
711	4776	rap	0.00 1308			
712	2021	fus	0.00 1356	1		
712	2021	rap	0.00 1280	1		
712	2021	ins	0.00 1252			1
713	3090	fus	0.00 1356	1		
713	3090	rap	0.00 1252	1		
713	3090	ins	0.00 1308			1
714	8802	fus	0.00 1368	1		
714	8802	rap	0.00 1252		1	
714	8802	ins	0.06 1196			1
715	6919	rap	0.00 1340	1		
715	6919	fus	0.00 1400	1		
715	6919	ins	0.03 1340			1
716	9037	rap	0.00 1248	1		
716	9037	fus	0.00 1372	1		
716	9037	ins	0.06 1268			1
717	16879	rap	0.00 1316		1	
717	16879	fus	0.00 1584		1	
717	16879	ins	0.22 1388			1
718	29743	fus	0.00 1748	1		
718	29743	rap	0.00 1520		1	
718	29743	ins	0.65 1464			1
719	29054	fus	0.00 1764	1		
719	29054	rap	0.00 1356		1	
719	29054	ins	0.61 1512			1
720	17408	rap	0.00 1316	1		
720	17408	fus	0.00 1544	1		
720	17408	ins	0.22 1412			1
721	11242	fus	0.00 1460	1		
721	11242	rap	0.00 1268	1		
721	11242	ins	0.09 1264			1
722	16420	rap	0.00 1392		1	
722	16420	fus	0.00 1612	1		
722	16420	ins	0.19 1320			1
723	6962	fus	0.00 1344	1		
723	6962	rap	0.00 1252		1	
723	6962	ins	0.04 1332			1
724	19742	fus	0.00 1620	1		
724	19742	rap	0.00 1340		1	
724	19742	ins	0.29 1452			1
725	2352	rap	0.00 1284		1	
725	2352	fus	0.00 1328		1	
725	2352	ins	0.00 1268			1
726	24451	fus	0.00 1696	1		
726	24451	rap	0.00 1480	1		
726	24451	ins	0.45 1420			1
727	16684	rap	0.00 1356		1	
727	16684	fus	0.00 1512	1		
727	16684	ins	0.20 1308			1
728	26233	rap	0.00 1404	1		
728	26233	fus	0.00 1708	1		
728	26233	ins	0.50 1388			1
729	12479	rap	0.00 1272		1	
729	12479	fus	0.00 1504		1	
729	12479	ins	0.13 1224			1
730	2524	rap	0.00 1292		1	
730	2524	ins	0.00 1284			1
730	2524	fus	0.00 1400	1		
731	6960	fus	0.00 1416		1	
731	6960	rap	0.00 1228		1	
731	6960	ins	0.04 1248			1
732	3392	fus	0.00 1408		1	
732	3392	rap	0.00 1220		1	
732	3392	ins	0.00 1220			1
733	5419	fus	0.00 1364	1		
733	5419	rap	0.00 1272		1	
733	5419	ins	0.02 1336			1
734	22323	rap	0.00 1448		1	
734	22323	fus	0.00 1580	1		
734	22323	ins	0.36 1428			1
735	2752	rap	0.00 1220	1		
735	2752	fus	0.00 1296	1		
735	2752	ins	0.00 1268			1
736	742	fus	0.00 1304			1
736	742	rap	0.00 1288			1
736	742	ins	0.00 1288			1
737	122	fus	0.00 1312			1
737	122	ins	0.00 1268			1
737	122	rap	0.00 1228			1
738	26538	fus	0.00 1692	1		
738	26538	rap	0.00 1432		1	
738	26538	ins	0.52 1436			1
739	31740	rap	0.00 1512	1		
739	31740	fus	0.00 1784	1		
739	31740	ins	0.74 1444			1
740	5901	rap	0.00 1244	1		
740	5901	fus	0.00 1348	1		
740	5901	ins	0.02 1244			1
741	5694	rap	0.00 1280	1		
741	5694	fus	0.00 1368	1		
741	5694	ins	0.02 1272			1
742	2043	rap	0.00 1296	1		
742	2043	ins	0.00 1268			1
742	2043	fus	0.00 1316	1		
743	11269	rap	0.00 1352		1	
743	11269	fus	0.00 1408	1		
743	11269	ins	0.09 1340			1
744	18146	rap	0.00 1324	1		
744	18146	fus	0.00 1468	1		
744	18146	ins	0.25 1380			1
745	17880	rap	0.00 1336	1		
745	17880	fus	0.00 1572	1		
745	17880	ins	0.24 1436			1
746	16933	rap	0.00 1260	1		
746	16933	fus	0.00 1536	1		
746	16933	ins	0.21 1420			1
747	19969	fus	0.00 1604	1		
747	19969	rap	0.00 1344		1	
747	19969	ins	0.29 1440			1
748	20419	fus	0.00 1560	1		
748	20419	rap	0.00 1360		1	
748	20419	ins	0.30 1444			1
749	25263	rap	0.00 1452		1	
749	25263	fus	0.00 1636		1	
749	25263	ins	0.47 1496			1
750	32651	rap	0.00 1440		1	
750	32651	fus	0.00 1832	1		
750	32651	ins	0.78 1492			1
751	10405	rap	0.00 1364		1	
751	10405	fus	0.00 1416	1		
751	10405	ins	0.08 1276			1
752	4424	fus	0.00 1308		1	
752	4424	rap	0.00 1228		1	
752	4424	ins	0.01 1228			1
753	23434	rap	0.00 1412		1	
753	23434	fus	0.00 1676	1		
753	23434	ins	0.40 1368			1
754	5776	rap	0.00 1272			1
754	5776	ins	0.02 1340			1
754	5776	fus	0.00 1324			1
755	27175	rap	0.00 1496	1		
755	27175	fus	0.00 1672	1		
755	27175	ins	0.54 1392			1
756	21734	fus	0.00 1652	1		
756	21734	rap	0.00 1344	1		
756	21734	ins	0.34 1460			1
757	6878	rap	0.00 1180		1	
757	6878	fus	0.00 1388		1	
757	6878	ins	0.04 1308			1
758	10773	rap	0.00 1280	1		
758	10773	fus	0.00 1448	1		
758	10773	ins	0.08 1368			1
759	27340	rap	0.00 1492	1		
759	27340	fus	0.00 1740	1		
759	27340	ins	0.58 1488			1
760	14490	rap	0.00 1396	1		
760	14490	fus	0.00 1408	1		
760	14490	ins	0.16 1296			1
761	15905	fus	0.00 1484		1	
761	15905	rap	0.00 1404		1	
761	15905	ins	0.19 1420			1
762	2257	fus	0.00 1268		1	
762	2257	rap	0.00 1196		1	
762	2257	ins	0.00 1200			1
763	2869	fus	0.00 1324	1		
763	2869	ins	0.00 1304			1
763	2869	rap	0.00 1220			1
764	2989	rap	0.00 1292	1		
764	2989	fus	0.00 1332	1		
764	2989	ins	0.00 1312			1
765	17087	fus	0.00 1508	1		
765	17087	rap	0.00 1388	1		
765	17087	ins	0.22 1392			1
766	16703	fus	0.00 1580		1	
766	16703	rap	0.00 1412		1	
766	16703	ins	0.21 1352			1
767	14613	fus	0.00 1464		1	
767	14613	rap	0.00 1340		1	
767	14613	ins	0.16 1384			1
768	23195	rap	0.00 1384	1		
768	23195	fus	0.00 1648	1		
768	23195	ins	0.39 1456			1
769	6902	fus	0.00 1396		1	
769	6902	rap	0.00 1228		1	
769	6902	ins	0.03 1316			1
770	21056	rap	0.00 1432		1	
770	21056	fus	0.00 1600	1		
770	21056	ins	0.32 1292			1
771	7645	fus	0.00 1428	1		
771	7645	rap	0.00 1348	1		
771	7645	ins	0.04 1312			1
772	23646	fus	0.00 1680	1		
772	23646	rap	0.00 1372	1		
772	23646	ins	0.42 1476			1
773	19508	rap	0.00 1356	1		
773	19508	fus	0.00 1540	1		
773	19508	ins	0.29 1332			1
774	8317	rap	0.00 1264	1		
774	8317	fus	0.00 1412	1		
774	8317	ins	0.05 1244			1
775	7088	rap	0.00 1256	1		
775	7088	fus	0.00 1420	1		
775	7088	ins	0.04 1236			1
776	31500	fus	0.00 1752	1		
776	31500	rap	0.00 1504	1		
776	31500	ins	0.78 1528			1
777	31923	rap	0.00 1500	1		
777	31923	fus	0.00 1756	1		
777	31923	ins	0.76 1488			1
778	5622	rap	0.00 1228	1		
778	5622	fus	0.00 1328	1		
778	5622	ins	0.03 1228			1
779	26732	rap	0.00 1336	1		
779	26732	fus	0.00 1740	1		
779	26732	ins	0.57 1484			1
780	22037	rap	0.00 1460		1	
780	22037	fus	0.00 1584		1	
780	22037	ins	0.39 1456			1
781	15219	rap	0.00 1396	1		
781	15219	fus	0.00 1476	1		
781	15219	ins	0.18 1380			1
782	18841	fus	0.00 1548		1	
782	18841	rap	0.00 1436		1	
782	18841	ins	0.26 1384			1
783	5318	fus	0.00 1360	1		
783	5318	rap	0.00 1336	1		
783	5318	ins	0.02 1236			1
784	31952	fus	0.00 1824	1		
784	31952	rap	0.00 1448	1		
784	31952	ins	0.80 1548			1
785	5463	fus	0.00 1340	1		
785	5463	rap	0.00 1224	1		
785	5463	ins	0.02 1324			1
786	19239	fus	0.00 1576	1		
786	19239	rap	0.00 1436		1	
786	19239	ins	0.28 1328			1
787	11722	fus	0.00 1460	1		
787	11722	rap	0.00 1268	1		
787	11722	ins	0.11 1220			1
788	30940	rap	0.00 1516		1	
788	30940	fus	0.00 1772	1		
788	30940	ins	0.71 1524			1
789	31015	rap	0.00 1428	1		
789	31015	fus	0.00 1780	1		
789	31015	ins	0.70 1516			1
790	19140	rap	0.00 1388	1		
790	19140	fus	0.00 1624	1		
790	19140	ins	0.28 1280			1
791	17003	rap	0.00 1316	1		
791	17003	fus	0.00 1548	1		
791	17003	ins	0.22 1420			1
792	12680	fus	0.00 1488	1		
792	12680	rap	0.00 1376	1		
792	12680	ins	0.12 1280			1
793	29976	rap	0.00 1520		1	
793	29976	fus	0.00 1708		1	
793	29976	ins	0.66 1500			1
794	8274	rap	0.00 1260		1	
794	8274	fus	0.00 1416	1		
794	8274	ins	0.04 1352			1
795	8344	fus	0.00 1420	1		
795	8344	rap	0.00 1244	1		
795	8344	ins	0.05 1336			1
796	10717	fus	0.00 1404		1	
796	10717	rap	0.00 1336		1	
796	10717	ins	0.08 1380			1
797	18611	fus	0.00 1564		1	
797	18611	rap	0.00 1420		1	
797	18611	ins	0.25 1332			1
798	32480	rap	0.00 1532	1		
798	32480	fus	0.00 1732	1		
798	32480	ins	0.78 1540			1
799	26557	fus	0.00 1648	1		
799	26557	rap	0.00 1436	1		
799	26557	ins	0.53 1488			1
800	29203	fus	0.00 1712		1	
800	29203	rap	0.00 1408		1	
800	29203	ins	0.67 1512			1
801	1619	fus	0.00 1308			1
801	1619	rap	0.00 1296	1		
801	1619	ins	0.00 1240			1
802	27049	rap	0.00 1464	1		
802	27049	fus	0.00 1656	1		
802	27049	ins	0.54 1468			1
803	1494	rap	0.00 1272	1		
803	1494	ins	0.00 1304			1
803	1494	fus	0.00 1256			1
804	31398	fus	0.00 1808	1		
804	31398	rap	0.00 1440	1		
804	31398	ins	0.72 1448			1
805	25184	rap	0.00 1460		1	
805	25184	fus	0.00 1580	1		
805	25184	ins	0.49 1496			1
806	19395	fus	0.00 1536	1		
806	19395	rap	0.00 1416	1		
806	19395	ins	0.29 1416			1
807	11777	fus	0.00 1420		1	
807	11777	rap	0.00 1324		1	
807	11777	ins	0.10 1328			1
808	25054	rap	0.00 1488	1		
808	25054	fus	0.00 1700	1		
808	25054	ins	0.50 1464			1
809	21769	fus	0.00 1600	1		
809	21769	rap	0.00 1468	1		
809	21769	ins	0.34 1460			1
810	1471	ins	0.00 1284			1
810	1471	rap	0.00 1308			1
810	1471	fus	0.00 1280			1
811	27839	rap	0.00 1456	1		
811	27839	fus	0.00 1752	1		
811	27839	ins	0.56 1516			1
812	13826	rap	0.00 1284		1	
812	13826	fus	0.00 1508	1		
812	13826	ins	0.14 1280			1
813	1299	rap	0.00 1208			1
813	1299	fus	0.00 1288			1
813	1299	ins	0.00 1284			1
814	16860	fus	0.00 1540		1	
814	16860	rap	0.00 1404		1	
814	16860	ins	0.21 1384			1
815	8827	rap	0.00 1304	1		
815	8827	fus	0.00 1372	1		
815	8827	ins	0.06 1244			1
816	28325	fus	0.00 1680		1	
816	28325	rap	0.00 1408		1	
816	28325	ins	0.58 1404			1
817	23976	rap	0.00 1364		1	
817	23976	fus	0.00 1668		1	
817	23976	ins	0.42 1472			1
818	29772	fus	0.00 1708	1		
818	29772	rap	0.00 1496	1		
818	29772	ins	0.66 1420			1
819	19371	fus	0.00 1544		1	
819	19371	rap	0.00 1408		1	
819	19371	ins	0.28 1432			1
820	8264	fus	0.00 1364	1		
820	8264	rap	0.00 1352	1		
820	8264	ins	0.05 1264			1
821	11726	rap	0.00 1276		1	
821	11726	fus	0.00 1460		1	
821	11726	ins	0.10 1328			1
822	20717	rap	0.00 1364		1	
822	20717	fus	0.00 1636		1	
822	20717	ins	0.31 1440			1
823	22097	fus	0.00 1592	1		
823	22097	rap	0.00 1372	1		
823	22097	ins	0.36 1428			1
824	10421	fus	0.00 1416	1		
824	10421	rap	0.00 1376		1	
824	10421	ins	0.08 1208			1
825	15486	fus	0.00 1600		1	
825	15486	rap	0.00 1296		1	
825	15486	ins	0.18 1316			1
826	9455	fus	0.00 1504	1		
826	9455	rap	0.00 1352	1		
826	9455	ins	0.07 1328			1
827	4158	rap	0.00 1320	1		
827	4158	fus	0.00 1340	1		
827	4158	ins	0.01 1268			1
828	2312	fus	0.00 1328			1
828	2312	rap	0.00 1212		1	
828	2312	ins	0.00 1196			1
829	6262	rap	0.00 1284	1		
829	6262	fus	0.00 1416	1		
829	6262	ins	0.03 1312			1
830	12202	fus	0.00 1448	1		
830	12202	rap	0.00 1276	1		
830	12202	ins	0.11 1384			1
831	26385	fus	0.00 1696		1	
831	26385	rap	0.00 1384		1	
831	26385	ins	0.51 1492			1
832	20867	rap	0.00 1360	1		
832	20867	fus	0.00 1580	1		
832	20867	ins	0.32 1292			1
833	4282	rap	0.00 1208	1		
833	4282	fus	0.00 1304	1		
833	4282	ins	0.01 1208			1
834	21361	fus	0.00 1520	1		
834	21361	rap	0.00 1364	1		
834	21361	ins	0.34 1456			1
835	24087	rap	0.00 1372		1	
835	24087	fus	0.00 1688		1	
835	24087	ins	0.42 1484			1
836	22879	rap	0.00 1356		1	
836	22879	fus	0.00 1640		1	
836	22879	ins	0.39 1468			1
837	14149	fus	0.00 1456		1	
837	14149	rap	0.00 1292		1	
837	14149	ins	0.15 1404			1
838	26643	fus	0.00 1680	1		
838	26643	rap	0.00 1440	1		
838	26643	ins	0.53 1508			1
839	4976	rap	0.00 1272		1	
839	4976	fus	0.00 1368	1		
839	4976	ins	0.02 1292			1
840	19547	rap	0.00 1280		1	
840	19547	fus	0.00 1620	1		
840	19547	ins	0.28 1328			1
841	7451	fus	0.00 1392	1		
841	7451	rap	0.00 1232	1		
841	7451	ins	0.04 1320			1
842	7437	fus	0.00 1352	1		
842	7437	rap	0.00 1236	1		
842	7437	ins	0.04 1328			1
843	7760	rap	0.00 1312		1	
843	7760	fus	0.00 1444		1	
843	7760	ins	0.04 1244			1
844	15470	fus	0.00 1528		1	
844	15470	rap	0.00 1368		1	
844	15470	ins	0.17 1408			1
845	1473	rap	0.00 1264	1		
845	1473	ins	0.00 1276			1
845	1473	fus	0.00 1208			1
846	30400	rap	0.00 1472	1		
846	30400	fus	0.00 1760	1		
846	30400	ins	0.68 1528			1
847	22054	rap	0.00 1456	1		
847	22054	fus	0.00 1660	1		
847	22054	ins	0.37 1468			1
848	31523	fus	0.00 1812		1	
848	31523	rap	0.00 1480		1	
848	31523	ins	0.73 1500			1
849	25584	fus	0.00 1680	1		
849	25584	rap	0.00 1448		1	
849	25584	ins	0.48 1392			1
850	22469	rap	0.00 1448		1	
850	22469	fus	0.00 1592	1		
850	22469	ins	0.37 1472			1
851	821	rap	0.00 1296			1
851	821	ins	0.00 1284			1
851	821	fus	0.00 1248			1
852	14971	fus	0.00 1592		1	
852	14971	rap	0.00 1388		1	
852	14971	ins	0.17 1312			1
853	9023	rap	0.00 1224		1	
853	9023	fus	0.00 1404		1	
853	9023	ins	0.06 1280			1
854	13964	rap	0.00 1344	1		
854	13964	fus	0.00 1492	1		
854	13964	ins	0.15 1372			1
855	24297	fus	0.00 1660		1	
855	24297	rap	0.00 1480		1	
855	24297	ins	0.43 1444			1
856	14861	rap	0.00 1388	1		
856	14861	fus	0.00 1588	1		
856	14861	ins	0.16 1312			1
857	28620	fus	0.00 1732	1		
857	28620	rap	0.00 1488	1		
857	28620	ins	0.60 1408			1
858	31704	rap	0.00 1528	1		
858	31704	fus	0.00 1740	1		
858	31704	ins	0.73 1436			1
859	28451	rap	0.00 1476		1	
859	28451	fus	0.00 1736	1		
859	28451	ins	0.60 1452			1
860	6129	rap	0.00 1304		1	
860	6129	fus	0.00 1416		1	
860	6129	ins	0.02 1328			1
861	6491	rap	0.00 1328	1		
861	6491	fus	0.00 1456	1		
861	6491	ins	0.03 1332			1
862	21384	rap	0.00 1448		1	
862	21384	fus	0.00 1628	1		
862	21384	ins	0.34 1440			1
863	18009	fus	0.00 1560	1		
863	18009	rap	0.00 1344	1		
863	18009	ins	0.24 1404			1
864	12482	rap	0.00 1384	1		
864	12482	fus	0.00 1428	1		
864	12482	ins	0.11 1392			1
865	11747	rap	0.00 1284	1		
865	11747	fus	0.00 1540	1		
865	11747	ins	0.10 1328			1
866	13782	rap	0.00 1292		1	
866	13782	fus	0.00 1456	1		
866	13782	ins	0.14 1236			1
867	12627	rap	0.00 1224		1	
867	12627	fus	0.00 1484	1		
867	12627	ins	0.12 1360			1
868	25758	rap	0.00 1500		1	
868	25758	fus	0.00 1712	1		
868	25758	ins	0.49 1464			1
869	25955	fus	0.00 1760	1		
869	25955	rap	0.00 1484	1		
869	25955	ins	0.48 1484			1
870	4830	rap	0.00 1228	1		
870	4830	fus	0.00 1344	1		
870	4830	ins	0.02 1164			1
871	27061	fus	0.00 1732	1		
871	27061	rap	0.00 1500		1	
871	27061	ins	0.54 1388			1
872	7840	fus	0.00 1400		1	
872	7840	rap	0.00 1332		1	
872	7840	ins	0.04 1352			1
873	23841	rap	0.00 1388		1	
873	23841	fus	0.00 1644	1		
873	23841	ins	0.41 1368			1
874	31957	rap	0.00 1532		1	
874	31957	fus	0.00 1812	1		
874	31957	ins	0.74 1504			1
875	16687	fus	0.00 1444	1		
875	16687	rap	0.00 1328		1	
875	16687	ins	0.20 1328			1
876	9635	fus	0.00 1440		1	
876	9635	rap	0.00 1340		1	
876	9635	ins	0.07 1352			1
877	11217	rap	0.00 1320		1	
877	11217	fus	0.00 1432		1	
877	11217	ins	0.10 1216			1
878	31911	rap	0.00 1444		1	
878	31911	fus	0.00 1812	1		
878	31911	ins	0.75 1516			1
879	1347	fus	0.00 1252			1
879	1347	rap	0.00 1184			1
879	1347	ins	0.00 1260			1
880	15634	rap	0.00 1304	1		
880	15634	fus	0.00 1484	1		
880	15634	ins	0.19 1408			1
881	16057	rap	0.00 1420	1		
881	16057	fus	0.00 1564	1		
881	16057	ins	0.20 1376			1
882	2104	fus	0.00 1324	1		
882	2104	rap	0.00 1304			1
882	2104	ins	0.00 1288			1
883	26257	fus	0.00 1668	1		
883	26257	rap	0.00 1476		1	
883	26257	ins	0.56 1332			1
884	3863	rap	0.00 1204	1		
884	3863	fus	0.00 1376	1		
884	3863	ins	0.01 1224			1
885	21134	rap	0.00 1428	1		
885	21134	fus	0.00 1624	1		
885	21134	ins	0.33 1404			1
886	11823	fus	0.00 1472	1		
886	11823	rap	0.00 1324	1		
886	11823	ins	0.10 1388			1
887	20862	rap	0.00 1400		1	
887	20862	fus	0.00 1620	1		
887	20862	ins	0.34 1448			1
888	26352	fus	0.00 1732		1	
888	26352	rap	0.00 1444		1	
888	26352	ins	0.50 1496			1
889	15267	fus	0.00 1476		1	
889	15267	rap	0.00 1404		1	
889	15267	ins	0.18 1368			1
890	32302	rap	0.00 1512		1	
890	32302	fus	0.00 1740	1		
890	32302	ins	0.83 1508			1
891	14506	fus	0.00 1484	1		
891	14506	rap	0.00 1384	1		
891	14506	ins	0.16 1404			1
892	32023	rap	0.00 1444		1	
892	32023	fus	0.00 1756	1		
892	32023	ins	0.82 1504			1
893	18594	rap	0.00 1428		1	
893	18594	fus	0.00 1576	1		
893	18594	ins	0.26 1400			1
894	18846	fus	0.00 1576		1	
894	18846	rap	0.00 1340		1	
894	18846	ins	0.26 1412			1
895	29919	fus	0.00 1724	1		
895	29919	rap	0.00 1472	1		
895	29919	ins	0.71 1416			1
896	7183	rap	0.00 1232	1		
896	7183	fus	0.00 1432	1		
896	7183	ins	0.04 1232			1
897	17935	rap	0.00 1320		1	
897	17935	fus	0.00 1524	1		
897	17935	ins	0.26 1424			1
898	21045	fus	0.00 1576	1		
898	21045	rap	0.00 1456		1	
898	21045	ins	0.36 1340			1
899	23675	fus	0.00 1632	1		
899	23675	rap	0.00 1472		1	
899	23675	ins	0.43 1444			1
900	20455	rap	0.00 1440	1		
900	20455	fus	0.00 1596	1		
900	20455	ins	0.31 1384			1
901	31228	rap	0.00 1516	1		
901	31228	fus	0.00 1760	1		
901	31228	ins	0.75 1488			1
902	18365	rap	0.00 1396	1		
902	18365	fus	0.00 1524	1		
902	18365	ins	0.26 1432			1
903	7311	rap	0.00 1252	1		
903	7311	fus	0.00 1396	1		
903	7311	ins	0.04 1256			1
904	18761	fus	0.00 1584	1		
904	18761	rap	0.00 1332	1		
904	18761	ins	0.29 1384			1
905	10075	fus	0.00 1388	1		
905	10075	rap	0.00 1256	1		
905	10075	ins	0.10 1328			1
906	3994	rap	0.00 1312	1		
906	3994	ins	0.01 1160			1
906	3994	fus	0.00 1352	1		
907	26204	fus	0.00 1684	1		
907	26204	rap	0.00 1472		1	
907	26204	ins	0.54 1388			1
908	18338	rap	0.00 1420		1	
908	18338	fus	0.00 1644	1		
908	18338	ins	0.26 1320			1
909	32641	fus	0.00 1832	1		
909	32641	rap	0.00 1536	1		
909	32641	ins	0.80 1440			1
910	12015	fus	0.00 1476	1		
910	12015	rap	0.00 1272	1		
910	12015	ins	0.12 1380			1
911	1318	ins	0.00 1272		1	
911	1318	fus	0.00 1252		1	
911	1318	rap	0.00 1188		1	
912	20028	fus	0.00 1620		1	
912	20028	rap	0.00 1396		1	
912	20028	ins	0.29 1400			1
913	2138	fus	0.00 1320	1		
913	2138	rap	0.00 1196	1		
913	2138	ins	0.00 1296			1
914	6583	fus	0.00 1288	1		
914	6583	rap	0.00 1288	1		
914	6583	ins	0.03 1280			1
915	30424	rap	0.00 1520		1	
915	30424	fus	0.00 1748	1		
915	30424	ins	0.70 1500			1
916	13018	fus	0.00 1456	1		
916	13018	rap	0.00 1352		1	
916	13018	ins	0.15 1280			1
917	10948	rap	0.00 1364	1		
917	10948	fus	0.00 1524	1		
917	10948	ins	0.10 1212			1
918	24867	rap	0.00 1324		1	
918	24867	fus	0.00 1676		1	
918	24867	ins	0.52 1392			1
919	28417	fus	0.00 1720	1		
919	28417	rap	0.00 1420	1		
919	28417	ins	0.69 1476			1
920	1857	rap	0.00 1264			
920	1857	ins	0.00 1276			1
920	1857	fus	0.00 1316			1
921	797	fus	0.00 1264		1	
921	797	ins	0.00 1184		1	
921	797	rap	0.00 1256		1	
922	6952	rap	0.00 1252	1		
922	6952	fus	0.00 1340	1		
922	6952	ins	0.04 1228			1
923	7325	rap	0.00 1292	1		
923	7325	fus	0.00 1368	1		
923	7325	ins	0.05 1252			1
924	12652	fus	0.00 1380		1	
924	12652	rap	0.00 1272		1	
924	12652	ins	0.16 1272			1
925	1754	rap	0.00 1192			1
925	1754	fus	0.00 1260			1
925	1754	ins	0.00 1208			1
926	2311	rap	0.00 1244			1
926	2311	fus	0.00 1316			1
926	2311	ins	0.00 1268			1
927	30649	rap	0.00 1504		1	
927	30649	fus	0.00 1712	1		
927	30649	ins	0.76 1436			1
928	14889	fus	0.00 1544		1	
928	14889	rap	0.00 1412		1	
928	14889	ins	0.17 1352			1
929	3672	fus	0.00 1340		1	
929	3672	rap	0.00 1308		1	
929	3672	ins	0.01 1284			1
930	1087	fus	0.00 1340			1
930	1087	ins	0.00 1260			1
930	1087	rap	0.00 1244			1
931	7596	rap	0.00 1356		1	
931	7596	fus	0.00 1408		1	
931	7596	ins	0.05 1332			1
932	20570	fus	0.00 1608	1		
932	20570	rap	0.00 1400		1	
932	20570	ins	0.34 1388			1
933	7305	fus	0.00 1468		1	
933	7305	rap	0.00 1308		1	
933	7305	ins	0.04 1328			1
934	1361	fus	0.00 1376			1
934	1361	ins	0.00 1244			1
934	1361	rap	0.00 1208			1
935	21845	fus	0.00 1624	1		
935	21845	rap	0.00 1372		1	
935	21845	ins	0.41 1364			1
936	5894	rap	0.00 1308		1	
936	5894	fus	0.00 1400		1	
936	5894	ins	0.03 1296			1
937	17595	rap	0.00 1428		1	
937	17595	fus	0.00 1508	1		
937	17595	ins	0.26 1408			1
938	1004	fus	0.00 1296	1		
938	1004	rap	0.00 1292	1		
938	1004	ins	0.00 1244			1
939	20249	fus	0.00 1640		1	
939	20249	rap	0.00 1440		1	
939	20249	ins	0.34 1356			1
940	11182	fus	0.00 1460	1		
940	11182	rap	0.00 1280		1	
940	11182	ins	0.11 1372			1
941	120	rap	0.00 1236			1
941	120	ins	0.00 1184			1
941	120	fus	0.00 1292			1
942	26555	fus	0.00 1656	1		
942	26555	rap	0.00 1384	1		
942	26555	ins	0.62 1500			1
943	17720	rap	0.00 1396		1	
943	17720	fus	0.00 1512	1		
943	17720	ins	0.29 1424			1
944	10997	rap	0.00 1368	1		
944	10997	fus	0.00 1408	1		
944	10997	ins	0.09 1356			1
945	28925	fus	0.00 1696	1		
945	28925	rap	0.00 1484		1	
945	28925	ins	0.69 1508			1
946	13893	rap	0.00 1288		1	
946	13893	fus	0.00 1496	1		
946	13893	ins	0.18 1288			1
947	16520	fus	0.00 1488		1	
947	16520	rap	0.00 1312		1	
947	16520	ins	0.27 1424			1
948	19003	rap	0.00 1380		1	
948	19003	fus	0.00 1584	1		
948	19003	ins	0.30 1416			1
949	2962	rap	0.00 1272			1
949	2962	ins	0.00 1308			1
949	2962	fus	0.00 1316		1	
950	30519	rap	0.00 1512	1		
950	30519	fus	0.00 1712	1		
950	30519	ins	0.74 1520			1
951	27821	rap	0.00 1404	1		
951	27821	fus	0.00 1624	1		
951	27821	ins	0.65 1468			1
952	11136	fus	0.00 1448		1	
952	11136	rap	0.00 1324		1	
952	11136	ins	0.11 1284			1
953	4749	rap	0.00 1292		1	
953	4749	fus	0.00 1392	1		
953	4749	ins	0.02 1308			1
954	2425	rap	0.00 1272	1		
954	2425	fus	0.00 1320	1		
954	2425	ins	0.00 1304			1
955	5978	fus	0.00 1328	1		
955	5978	rap	0.00 1228		1	
955	5978	ins	0.03 1244			1
956	21513	fus	0.00 1596	1		
956	21513	rap	0.00 1408	1		
956	21513	ins	0.41 1452			1
957	24998	rap	0.00 1396		1	
957	24998	fus	0.00 1708	1		
957	24998	ins	0.54 1368			1
958	1006	rap	0.00 1180	1		
958	1006	fus	0.00 1256			1
958	1006	ins	0.00 1292			1
959	23244	rap	0.00 1360		1	
959	23244	fus	0.00 1684	1		
959	23244	ins	0.41 1416			1
960	13676	fus	0.00 1516		1	
960	13676	rap	0.00 1304		1	
960	13676	ins	0.14 1340			1
961	30194	fus	0.00 1828	1		
961	30194	rap	0.00 1520		1	
961	30194	ins	0.67 1364			1
962	981	fus	0.00 1260	1		
962	981	rap	0.00 1288	1		
962	981	ins	0.00 1280	1		
963	15231	fus	0.00 1512	1		
963	15231	rap	0.00 1404	1		
963	15231	ins	0.16 1296			1
964	13536	fus	0.00 1524		1	
964	13536	rap	0.00 1356		1	
964	13536	ins	0.13 1232			1
965	9880	rap	0.00 1204		1	
965	9880	fus	0.00 1392		1	
965	9880	ins	0.07 1308			1
966	25809	fus	0.00 1684	1		
966	25809	rap	0.00 1460			
966	25809	ins	0.50 1384			1
967	2203	fus	0.00 1388	1		
967	2203	ins	0.00 1212			1
967	2203	rap	0.00 1272			1
968	14383	fus	0.00 1544	1		
968	14383	rap	0.00 1292		1	
968	14383	ins	0.15 1344			1
969	27480	fus	0.00 1740		1	
969	27480	rap	0.00 1500		1	
969	27480	ins	0.56 1504			1
970	2093	ins	0.00 1312			1
970	2093	fus	0.00 1316	1		
970	2093	rap	0.00 1300	1		
971	26133	rap	0.00 1488	1		
971	26133	fus	0.00 1668	1		
971	26133	ins	0.50 1480			1
972	14917	fus	0.00 1476	1		
972	14917	rap	0.00 1244		1	
972	14917	ins	0.16 1400			1
973	13873	fus	0.00 1468		1	
973	13873	rap	0.00 1360		1	
973	13873	ins	0.16 1332			1
974	9688	rap	0.00 1368	1		
974	9688	fus	0.00 1340	1		
974	9688	ins	0.08 1348			1
975	20814	rap	0.00 1420	1		
975	20814	fus	0.00 1648	1		
975	20814	ins	0.32 1344			1
976	5777	rap	0.00 1272		1	
976	5777	fus	0.00 1276		1	
976	5777	ins	0.02 1244			1
977	15033	rap	0.00 1244	1		
977	15033	fus	0.00 1484	1		
977	15033	ins	0.16 1296			1
978	8113	rap	0.00 1348	1		
978	8113	fus	0.00 1360	1		
978	8113	ins	0.04 1348			1
979	17890	rap	0.00 1316		1	
979	17890	fus	0.00 1520		1	
979	17890	ins	0.24 1404			1
980	18313	rap	0.00 1408		1	
980	18313	fus	0.00 1564	1		
980	18313	ins	0.24 1328			1
981	9937	rap	0.00 1312	1		
981	9937	fus	0.00 1408	1		
981	9937	ins	0.07 1332			1
982	10799	rap	0.00 1348	1		
982	10799	fus	0.00 1408	1		
982	10799	ins	0.08 1368			1
983	9301	fus	0.00 1400	1		
983	9301	rap	0.00 1248	1		
983	9301	ins	0.06 1336			1
984	5179	rap	0.00 1220	1		
984	5179	fus	0.00 1400	1		
984	5179	ins	0.02 1224			1
985	29409	rap	0.00 1360			
985	29409	fus	0.00 1784	1		
985	29409	ins	0.64 1488			1
986	14445	fus	0.00 1476		1	
986	14445	rap	0.00 1348		1	
986	14445	ins	0.15 1312			1
987	19449	rap	0.00 1412	1		
987	19449	fus	0.00 1544	1		
987	19449	ins	0.27 1436			1
988	5522	fus	0.00 1328	1		
988	5522	rap	0.00 1328		1	
988	5522	ins	0.02 1304			1
989	32399	fus	0.00 1748	1		
989	32399	rap	0.00 1536		1	
989	32399	ins	0.77 1520			1
990	11229	fus	0.00 1464	1		
990	11229	rap	0.00 1288		1	
990	11229	ins	0.09 1376			1
991	4258	fus	0.00 1376	1		
991	4258	rap	0.00 1328	1		
991	4258	ins	0.01 1300			1
992	14062	fus	0.00 1484	1		
992	14062	rap	0.00 1364	1		
992	14062	ins	0.14 1376			1
993	25502	rap	0.00 1496		1	
993	25502	fus	0.00 1756	1		
993	25502	ins	0.48 1436			1
994	29056	fus	0.00 1736	1		
994	29056	rap	0.00 1352	1		
994	29056	ins	0.68 1516			1
995	23466	fus	0.00 1608	1		
995	23466	rap	0.00 1376		1	
995	23466	ins	0.40 1448			1
996	12287	rap	0.00 1324		1	
996	12287	fus	0.00 1488		1	
996	12287	ins	0.11 1292			1
997	20094	rap	0.00 1388		1	
997	20094	fus	0.00 1636	1		
997	20094	ins	0.30 1344			1
998	2967	rap	0.00 1252	1		
998	2967	fus	0.00 1276			1
998	2967	ins	0.00 1312			1
999	11980	rap	0.00 1268	1		
999	11980	fus	0.00 1456	1		
999	11980	ins	0.10 1316			1
1000	5860	fus	0.00 1348	1		
1000	5860	rap	0.00 1276		1	
1000	5860	ins	0.02 1216			1
