test	taille	exe	exectime	memory	mmm
1	562000	fus	0.14 10016	1	
1	562000	rap	0.17 5620		1
2	408000	fus	0.12 7644	1	
2	408000	rap	0.13 4412		1
3	972000	fus	0.24 16424	1	
3	972000	rap	0.37 8784		1
4	731000	fus	0.20 12736	1	
4	731000	rap	0.27 6992		1
5	224000	fus	0.05 4732	1	
5	224000	rap	0.05 2972	1	
6	919000	fus	0.22 15676	1	
6	919000	rap	0.35 8412		1
7	830000	fus	0.20 14208	1	
7	830000	rap	0.30 7772		1
8	203000	fus	0.05 4412	1	
8	203000	rap	0.04 2864	1	
9	891000	fus	0.22 15204	1	
9	891000	rap	0.32 8168		1
10	906000	fus	0.22 15440	1	
10	906000	rap	0.34 8316		1
11	368000	fus	0.08 7020	1	
11	368000	rap	0.10 4076		1
12	443000	fus	0.10 8200	1	
12	443000	rap	0.12 4724		1
13	10000	rap	0.00 1272	1	
13	10000	fus	0.00 1396	1	
14	360000	fus	0.09 6904	1	
14	360000	rap	0.10 4016		1
15	467000	fus	0.12 8584	1	
15	467000	rap	0.14 4880		1
16	392000	fus	0.09 7440	1	
16	392000	rap	0.10 4328		1
17	528000	fus	0.13 9528	1	
17	528000	rap	0.15 5308		1
18	134000	fus	0.02 3368	1	
18	134000	rap	0.02 2332	1	
19	78000	rap	0.01 1808	1	
19	78000	fus	0.01 2460	1	
20	387000	fus	0.09 7360	1	
20	387000	rap	0.10 4292		1
21	322000	rap	0.07 3808		1
21	322000	fus	0.08 6308		1
22	938000	fus	0.22 15924	1	
22	938000	rap	0.37 8520		1
23	223000	rap	0.04 2940		1
23	223000	fus	0.05 4764	1	
24	943000	fus	0.24 16028	1	
24	943000	rap	0.36 8628		1
25	756000	fus	0.18 13100	1	
25	756000	rap	0.25 7168		1
26	76000	rap	0.01 1780		1
26	76000	fus	0.01 2420	1	
27	928000	fus	0.26 15812	1	
27	928000	rap	0.38 8548		1
28	672000	fus	0.18 11816	1	
28	672000	rap	0.24 6544		1
29	343000	fus	0.08 6676	1	
29	343000	rap	0.08 3880		1
30	205000	rap	0.04 2800		1
30	205000	fus	0.04 4516	1	
31	538000	fus	0.15 9592	1	
31	538000	rap	0.18 5484		1
32	427000	fus	0.10 7956	1	
32	427000	rap	0.12 4624		1
33	893000	fus	0.24 15264	1	
33	893000	rap	0.35 8164		1
34	249000	fus	0.05 5076		1
34	249000	rap	0.05 3228		1
35	96000	rap	0.01 2004		1
35	96000	fus	0.02 2792	1	
36	194000	rap	0.06 2776		1
36	194000	fus	0.06 4316	1	
37	10000	rap	0.00 1256	1	
37	10000	fus	0.00 1508	1	
38	58000	rap	0.00 1676		1
38	58000	fus	0.01 2192	1	
39	840000	fus	0.22 14480	1	
39	840000	rap	0.32 7860		1
40	520000	fus	0.12 9436	1	
40	520000	rap	0.15 5348		1
41	288000	fus	0.06 5784		1
41	288000	rap	0.07 3456		1
42	431000	fus	0.12 8016	1	
42	431000	rap	0.13 4544		1
43	991000	fus	0.23 16764	1	
43	991000	rap	0.39 9004		1
44	986000	fus	0.26 16648	1	
44	986000	rap	0.41 9000		1
45	766000	fus	0.18 13156	1	
45	766000	rap	0.27 7252		1
46	918000	fus	0.22 15664	1	
46	918000	rap	0.35 8400		1
47	336000	fus	0.08 6532	1	
47	336000	rap	0.09 3884		1
48	908000	fus	0.22 15424	1	
48	908000	rap	0.34 8300		1
49	304000	fus	0.07 6104	1	
49	304000	rap	0.07 3636		1
50	30000	rap	0.00 1516	1	
50	30000	fus	0.00 1704	1	
51	943000	fus	0.22 16088	1	
51	943000	rap	0.38 8560		1
52	345000	fus	0.08 6648	1	
52	345000	rap	0.09 3980		1
53	841000	fus	0.20 14408	1	
53	841000	rap	0.30 7856		1
54	524000	fus	0.12 9372	1	
54	524000	rap	0.16 5296		1
55	836000	fus	0.22 14376	1	
55	836000	rap	0.31 7760		1
56	143000	fus	0.03 3548		1
56	143000	rap	0.03 2412		1
57	222000	rap	0.05 2916		1
57	222000	fus	0.06 4752	1	
58	594000	fus	0.14 10576	1	
58	594000	rap	0.19 5928		1
59	531000	fus	0.13 9536	1	
59	531000	rap	0.15 5432		1
60	169000	rap	0.03 2608		1
60	169000	fus	0.04 3828	1	
61	703000	fus	0.22 12252	1	
61	703000	rap	0.29 6684		1
62	472000	fus	0.11 8688	1	
62	472000	rap	0.13 4856		1
63	535000	fus	0.14 9632	1	
63	535000	rap	0.18 5440		1
64	325000	fus	0.07 6328	1	
64	325000	rap	0.08 3832		1
65	358000	fus	0.09 6848	1	
65	358000	rap	0.10 4056		1
66	380000	fus	0.10 7296	1	
66	380000	rap	0.11 4248		1
67	909000	fus	0.26 15440	1	
67	909000	rap	0.38 8376		1
68	73000	rap	0.01 1852		1
68	73000	fus	0.01 2396	1	
69	902000	fus	0.22 15384	1	
69	902000	rap	0.35 8240		1
70	995000	fus	0.24 16828	1	
70	995000	rap	0.40 9036		1
71	323000	fus	0.07 6324	1	
71	323000	rap	0.08 3800		1
72	455000	fus	0.11 8344	1	
72	455000	rap	0.12 4780		1
73	697000	fus	0.18 12128	1	
73	697000	rap	0.24 6652		1
74	497000	fus	0.12 9080	1	
74	497000	rap	0.14 5180		1
75	461000	fus	0.11 8516	1	
75	461000	rap	0.14 4788		1
76	248000	rap	0.06 3224		1
76	248000	fus	0.06 5192	1	
77	815000	fus	0.22 14052	1	
77	815000	rap	0.31 7604		1
78	422000	fus	0.11 7832	1	
78	422000	rap	0.12 4536		1
79	64000	fus	0.01 2316		1
79	64000	rap	0.01 1772		1
80	697000	fus	0.18 12160	1	
80	697000	rap	0.26 6712		1
81	408000	fus	0.12 7656	1	
81	408000	rap	0.13 4388		1
82	976000	fus	0.27 16532	1	
82	976000	rap	0.44 8760		1
83	969000	fus	0.30 16380	1	
83	969000	rap	0.44 8844		1
84	327000	fus	0.09 6384	1	
84	327000	rap	0.09 3760		1
85	495000	fus	0.13 9008	1	
85	495000	rap	0.14 5056		1
86	804000	fus	0.20 13804	1	
86	804000	rap	0.30 7472		1
87	779000	fus	0.21 13408	1	
87	779000	rap	0.33 7316		1
88	935000	fus	0.30 15856	1	
88	935000	rap	0.44 8584		1
89	801000	fus	0.26 13868	1	
89	801000	rap	0.34 7544		1
90	544000	fus	0.14 9684	1	
90	544000	rap	0.17 5512		1
91	430000	fus	0.10 7992	1	
91	430000	rap	0.11 4644		1
92	126000	rap	0.02 2240		1
92	126000	fus	0.02 3208	1	
93	834000	fus	0.19 14284	1	
93	834000	rap	0.28 7776		1
94	322000	fus	0.07 6308	1	
94	322000	rap	0.07 3768		1
95	325000	fus	0.07 6356	1	
95	325000	rap	0.07 3724		1
96	190000	rap	0.04 2712		1
96	190000	fus	0.04 4224	1	
97	318000	fus	0.06 6200	1	
97	318000	rap	0.07 3768		1
98	657000	fus	0.14 11556	1	
98	657000	rap	0.20 6416		1
99	716000	fus	0.17 12480	1	
99	716000	rap	0.22 6868		1
100	117000	rap	0.02 2040		1
100	117000	fus	0.02 3144	1	
101	901000	fus	0.20 15364	1	
101	901000	rap	0.32 8280		1
102	840000	fus	0.20 14404	1	
102	840000	rap	0.29 7764		1
103	163000	rap	0.03 2456		1
103	163000	fus	0.04 3808	1	
104	404000	fus	0.10 7636	1	
104	404000	rap	0.11 4348		1
105	62000	rap	0.00 1744		1
105	62000	fus	0.01 2236	1	
106	186000	rap	0.03 2708		1
106	186000	fus	0.04 4224	1	
107	211000	rap	0.04 2944		1
107	211000	fus	0.04 4580	1	
108	859000	fus	0.19 14604	1	
108	859000	rap	0.30 7840		1
109	949000	fus	0.22 16120	1	
109	949000	rap	0.34 8604		1
110	634000	fus	0.14 11144	1	
110	634000	rap	0.19 6084		1
111	831000	fus	0.20 14272	1	
111	831000	rap	0.29 7624		1
112	312000	rap	0.08 3640		1
112	312000	fus	0.08 6228		1
113	277000	fus	0.06 5596		1
113	277000	rap	0.06 3400		1
114	588000	fus	0.18 10460	1	
114	588000	rap	0.22 5876		1
115	409000	fus	0.09 7656	1	
115	409000	rap	0.10 4488		1
116	423000	fus	0.08 7924	1	
116	423000	rap	0.11 4536		1
117	326000	fus	0.07 6348	1	
117	326000	rap	0.07 3780		1
118	901000	fus	0.28 15336	1	
118	901000	rap	0.40 8248		1
119	574000	fus	0.13 10228	1	
119	574000	rap	0.16 5724		1
120	745000	fus	0.21 12880	1	
120	745000	rap	0.29 6952		1
121	57000	rap	0.00 1736		1
121	57000	fus	0.01 2152	1	
122	260000	rap	0.06 3304		1
122	260000	fus	0.06 5320		1
123	810000	fus	0.18 13944	1	
123	810000	rap	0.27 7520		1
124	822000	fus	0.19 14124	1	
124	822000	rap	0.28 7608		1
125	554000	fus	0.12 9924	1	
125	554000	rap	0.16 5624		1
126	914000	fus	0.23 15568	1	
126	914000	rap	0.33 8440		1
127	10000	fus	0.00 1408	1	
127	10000	rap	0.00 1348	1	
128	287000	fus	0.06 5760	1	
128	287000	rap	0.06 3428		1
129	913000	fus	0.21 15544	1	
129	913000	rap	0.33 8324		1
130	483000	fus	0.11 8808	1	
130	483000	rap	0.13 5072		1
131	130000	rap	0.02 2200		1
131	130000	fus	0.02 3320	1	
132	905000	fus	0.22 15388	1	
132	905000	rap	0.33 8296		1
133	489000	fus	0.11 8824	1	
133	489000	rap	0.13 5080		1
134	339000	fus	0.07 6564	1	
134	339000	rap	0.08 3776		1
135	60000	fus	0.01 2124	1	
135	60000	rap	0.00 1752		1
136	237000	rap	0.05 3112	1	
136	237000	fus	0.05 4984	1	
137	814000	fus	0.20 13952	1	
137	814000	rap	0.29 7552		1
138	494000	fus	0.11 8960	1	
138	494000	rap	0.13 5084		1
139	913000	fus	0.21 15548	1	
139	913000	rap	0.33 8416		1
140	432000	fus	0.10 8068	1	
140	432000	rap	0.11 4600		1
141	78000	rap	0.01 1860		1
141	78000	fus	0.01 2528	1	
142	178000	rap	0.04 2644	1	
142	178000	fus	0.04 4072	1	
143	406000	fus	0.09 7652	1	
143	406000	rap	0.10 4444		1
144	450000	fus	0.10 8344	1	
144	450000	rap	0.12 4800		1
145	328000	fus	0.08 6404	1	
145	328000	rap	0.08 3840		1
146	86000	rap	0.01 1940	1	
146	86000	fus	0.02 2576	1	
147	630000	fus	0.15 11100	1	
147	630000	rap	0.20 6212		1
148	505000	fus	0.11 9152	1	
148	505000	rap	0.14 5212		1
149	947000	fus	0.22 16040	1	
149	947000	rap	0.34 8584		1
150	27000	rap	0.00 1492	1	
150	27000	fus	0.00 1660	1	
151	817000	fus	0.20 14032	1	
151	817000	rap	0.29 7684		1
152	625000	fus	0.15 11056	1	
152	625000	rap	0.20 6088		1
153	776000	fus	0.18 13440	1	
153	776000	rap	0.26 7320		1
154	717000	fus	0.16 12488	1	
154	717000	rap	0.22 6860		1
155	252000	rap	0.06 3156	1	
155	252000	fus	0.06 5176	1	
156	656000	fus	0.14 11432	1	
156	656000	rap	0.20 6400		1
157	266000	rap	0.05 3304	1	
157	266000	fus	0.06 5448	1	
158	302000	fus	0.08 5900		1
158	302000	rap	0.08 3648		1
159	218000	rap	0.04 2884		1
159	218000	fus	0.04 4640	1	
160	197000	rap	0.04 2736	1	
160	197000	fus	0.05 4360	1	
161	945000	fus	0.22 16048	1	
161	945000	rap	0.34 8588		1
162	891000	fus	0.20 15236	1	
162	891000	rap	0.31 8152		1
163	34000	rap	0.00 1500		1
163	34000	fus	0.00 1820	1	
164	30000	rap	0.00 1512	1	
164	30000	fus	0.00 1756	1	
165	730000	fus	0.18 12660	1	
165	730000	rap	0.24 6932		1
166	836000	fus	0.20 14384	1	
166	836000	rap	0.31 7736		1
167	199000	fus	0.04 4464	1	
167	199000	rap	0.04 2824		1
168	8000	fus	0.00 1400		1
168	8000	rap	0.00 1184		1
169	251000	rap	0.06 3248		
169	251000	fus	0.06 5180	1	
170	388000	fus	0.09 7336	1	
170	388000	rap	0.10 4308		1
171	759000	fus	0.17 13144	1	
171	759000	rap	0.25 7160		1
172	315000	fus	0.07 6212	1	
172	315000	rap	0.07 3644		1
173	14000	rap	0.00 1232	1	
173	14000	fus	0.00 1448	1	
174	317000	fus	0.07 6232	1	
174	317000	rap	0.07 3760		1
175	807000	fus	0.19 13920	1	
175	807000	rap	0.28 7584		1
176	298000	rap	0.07 3456		1
176	298000	fus	0.07 5940		1
177	3000	fus	0.00 1360	1	
177	3000	rap	0.00 1300	1	
178	422000	fus	0.09 7776	1	
178	422000	rap	0.10 4424		1
179	446000	fus	0.10 8288	1	
179	446000	rap	0.12 4684		1
180	691000	fus	0.20 12084	1	
180	691000	rap	0.28 6696		1
181	543000	fus	0.13 9768	1	
181	543000	rap	0.16 5372		1
182	482000	fus	0.10 8888	1	
182	482000	rap	0.13 4968		1
183	497000	fus	0.11 9120	1	
183	497000	rap	0.13 5088		1
184	858000	fus	0.19 14712	1	
184	858000	rap	0.30 7996		1
185	616000	fus	0.15 10920	1	
185	616000	rap	0.19 6000		1
186	149000	rap	0.02 2360		1
186	149000	fus	0.03 3648	1	
187	665000	fus	0.15 11644	1	
187	665000	rap	0.20 6420		1
188	240000	rap	0.05 3056		1
188	240000	fus	0.05 5032	1	
189	141000	rap	0.03 2288		1
189	141000	fus	0.03 3472	1	
190	401000	fus	0.09 7568	1	
190	401000	rap	0.10 4396		1
191	331000	fus	0.08 6464	1	
191	331000	rap	0.08 3844		1
192	849000	fus	0.20 14516	1	
192	849000	rap	0.30 7904		1
193	426000	fus	0.10 7940	1	
193	426000	rap	0.11 4512		1
194	299000	rap	0.06 3596	1	
194	299000	fus	0.06 5908	1	
195	494000	fus	0.11 8972	1	
195	494000	rap	0.13 5084		1
196	613000	fus	0.14 10856	1	
196	613000	rap	0.18 6076		1
197	233000	rap	0.06 3056		1
197	233000	fus	0.06 4824	1	
198	809000	fus	0.18 13956	1	
198	809000	rap	0.27 7532		1
199	298000	rap	0.06 3624	1	
199	298000	fus	0.06 5840	1	
200	896000	fus	0.29 15268	1	
200	896000	rap	0.40 8276		1
201	285000	fus	0.06 5732		1
201	285000	rap	0.06 3504		1
202	676000	fus	0.16 11748	1	
202	676000	rap	0.22 6572		1
203	26000	rap	0.00 1404	1	
203	26000	fus	0.00 1664	1	
204	868000	fus	0.20 14820	1	
204	868000	rap	0.30 7968		1
205	822000	fus	0.19 14200	1	
205	822000	rap	0.28 7660		1
206	487000	fus	0.11 8796	1	
206	487000	rap	0.13 5096		1
207	941000	fus	0.21 15956	1	
207	941000	rap	0.34 8616		1
208	518000	fus	0.12 9356	1	
208	518000	rap	0.15 5312		1
209	418000	fus	0.09 7808	1	
209	418000	rap	0.10 4496		1
210	819000	fus	0.20 14088	1	
210	819000	rap	0.28 7660		1
211	170000	rap	0.04 2564		1
211	170000	fus	0.04 3940	1	
212	336000	fus	0.07 6532	1	
212	336000	rap	0.08 3912		1
213	269000	rap	0.06 3304		1
213	269000	fus	0.06 5448		1
214	658000	fus	0.15 11544	1	
214	658000	rap	0.20 6440		1
215	160000	rap	0.02 2432		1
215	160000	fus	0.03 3776	1	
216	723000	fus	0.17 12652	1	
216	723000	rap	0.23 6936		1
217	942000	fus	0.22 15900	1	
217	942000	rap	0.35 8596		1
218	516000	fus	0.13 9356	1	
218	516000	rap	0.15 5220		1
219	677000	fus	0.16 11896	1	
219	677000	rap	0.22 6524		1
220	192000	rap	0.04 2736		1
220	192000	fus	0.05 4188	1	
221	817000	fus	0.19 14032	1	
221	817000	rap	0.28 7572		1
222	937000	fus	0.22 15952	1	
222	937000	rap	0.34 8456		1
223	903000	fus	0.20 15364	1	
223	903000	rap	0.32 8336		1
224	41000	rap	0.00 1580		1
224	41000	fus	0.00 1924	1	
225	169000	rap	0.03 2548		1
225	169000	fus	0.04 3884	1	
226	940000	fus	0.23 15944	1	
226	940000	rap	0.35 8528		1
227	686000	fus	0.15 12024	1	
227	686000	rap	0.21 6540		1
228	98000	rap	0.01 2044		1
228	98000	fus	0.02 2848	1	
229	418000	fus	0.10 7888	1	
229	418000	rap	0.12 4564		1
230	691000	fus	0.16 12036	1	
230	691000	rap	0.21 6636		1
231	177000	rap	0.04 2640		1
231	177000	fus	0.04 4000	1	
232	690000	fus	0.16 12072	1	
232	690000	rap	0.22 6680		1
233	601000	fus	0.15 10668	1	
233	601000	rap	0.17 5968		1
234	942000	fus	0.22 15972	1	
234	942000	rap	0.34 8644		1
235	238000	rap	0.05 3144	1	
235	238000	fus	0.05 4988	1	
236	142000	rap	0.02 2372		1
236	142000	fus	0.03 3472	1	
237	799000	fus	0.18 13752	1	
237	799000	rap	0.26 7540		1
238	181000	rap	0.03 2648		1
238	181000	fus	0.04 4012	1	
239	478000	fus	0.11 8712	1	
239	478000	rap	0.13 5008		1
240	53000	rap	0.00 1672		1
240	53000	fus	0.01 2012	1	
241	128000	rap	0.02 2232		1
241	128000	fus	0.02 3292	1	
242	462000	fus	0.10 8496	1	
242	462000	rap	0.12 4892		1
243	481000	fus	0.11 8784	1	
243	481000	rap	0.13 5040		1
244	628000	fus	0.14 11132	1	
244	628000	rap	0.19 6180		1
245	718000	fus	0.16 12540	1	
245	718000	rap	0.22 6904		1
246	463000	fus	0.10 8512	1	
246	463000	rap	0.12 4900		1
247	209000	fus	0.04 4524	1	
247	209000	rap	0.04 2868	1	
248	290000	fus	0.06 5792		1
248	290000	rap	0.06 3464		1
249	861000	fus	0.20 14704	1	
249	861000	rap	0.30 7920		1
250	879000	fus	0.30 14992	1	
250	879000	rap	0.42 8100		1
251	962000	fus	0.23 16308	1	
251	962000	rap	0.36 8800		1
252	987000	fus	0.23 16656	1	
252	987000	rap	0.36 8940		1
253	867000	fus	0.20 14808	1	
253	867000	rap	0.30 8072		1
254	396000	fus	0.08 7448	1	
254	396000	rap	0.10 4368		1
255	667000	fus	0.15 11656	1	
255	667000	rap	0.20 6472		1
256	957000	fus	0.22 16188	1	
256	957000	rap	0.35 8772		1
257	57000	rap	0.00 1624		1
257	57000	fus	0.01 2184	1	
258	119000	rap	0.02 2216	1	
258	119000	fus	0.02 3152	1	
259	138000	fus	0.02 3444	1	
259	138000	rap	0.02 2356		1
260	57000	rap	0.01 1572		1
260	57000	fus	0.01 2172	1	
261	737000	fus	0.16 12800	1	
261	737000	rap	0.24 7024		1
262	372000	fus	0.11 7068	1	
262	372000	rap	0.12 4112		1
263	629000	fus	0.14 11120	1	
263	629000	rap	0.18 6204		1
264	558000	fus	0.13 10000	1	
264	558000	rap	0.16 5648		1
265	898000	fus	0.21 15308	1	
265	898000	rap	0.33 8220		1
266	115000	rap	0.02 2080		1
266	115000	fus	0.02 3112	1	
267	939000	fus	0.22 15916	1	
267	939000	rap	0.34 8524		1
268	763000	fus	0.18 13200	1	
268	763000	rap	0.25 7244		1
269	217000	rap	0.04 2988		1
269	217000	fus	0.04 4700	1	
270	397000	fus	0.08 7460	1	
270	397000	rap	0.10 4328		1
271	738000	fus	0.16 12816	1	
271	738000	rap	0.23 6960		1
272	868000	fus	0.20 14836	1	
272	868000	rap	0.30 7964		1
273	934000	fus	0.22 15780	1	
273	934000	rap	0.34 8588		1
274	118000	rap	0.02 2200		1
274	118000	fus	0.02 3156	1	
275	316000	fus	0.07 6224	1	
275	316000	rap	0.07 3724		1
276	987000	fus	0.23 16700	1	
276	987000	rap	0.37 8892		1
277	190000	rap	0.04 2664		1
277	190000	fus	0.04 4236	1	
278	211000	rap	0.04 2848		1
278	211000	fus	0.04 4608	1	
279	101000	rap	0.01 2024		1
279	101000	fus	0.02 2860	1	
280	706000	fus	0.17 12268	1	
280	706000	rap	0.22 6740		1
281	751000	fus	0.17 12976	1	
281	751000	rap	0.24 7056		1
282	19000	rap	0.00 1328	1	
282	19000	fus	0.00 1576	1	
283	41000	rap	0.00 1448		1
283	41000	fus	0.00 1956	1	
284	206000	rap	0.04 2888		1
284	206000	fus	0.04 4460	1	
285	51000	rap	0.00 1676		1
285	51000	fus	0.00 2036	1	
286	500000	fus	0.11 9048	1	
286	500000	rap	0.14 5092		1
287	427000	fus	0.09 7924	1	
287	427000	rap	0.11 4628		1
288	239000	rap	0.05 3124		1
288	239000	fus	0.05 4976	1	
289	894000	fus	0.21 15252	1	
289	894000	rap	0.32 8192		1
290	742000	fus	0.16 12860	1	
290	742000	rap	0.24 7060		1
291	116000	rap	0.02 2188		1
291	116000	fus	0.02 3080	1	
292	202000	rap	0.04 2780		1
292	202000	fus	0.04 4512	1	
293	755000	fus	0.17 13040	1	
293	755000	rap	0.24 7172		1
294	730000	fus	0.16 12692	1	
294	730000	rap	0.23 6888		1
295	702000	fus	0.17 12252	1	
295	702000	rap	0.22 6620		1
296	338000	fus	0.08 6596		1
296	338000	rap	0.08 3900		1
297	176000	rap	0.03 2652		1
297	176000	fus	0.04 4100	1	
298	340000	fus	0.09 6592	1	
298	340000	rap	0.10 3840		1
299	139000	rap	0.02 2288		1
299	139000	fus	0.03 3460	1	
300	374000	fus	0.08 7128	1	
300	374000	rap	0.09 4212		1
301	753000	fus	0.16 13028	1	
301	753000	rap	0.24 7164		1
302	972000	fus	0.23 16476	1	
302	972000	rap	0.36 8884		1
303	138000	rap	0.02 2264		1
303	138000	fus	0.03 3388	1	
304	755000	fus	0.17 13056	1	
304	755000	rap	0.24 7084		1
305	209000	rap	0.04 2812		1
305	209000	fus	0.04 4504	1	
306	697000	fus	0.15 12176	1	
306	697000	rap	0.22 6632		1
307	146000	rap	0.03 2396		1
307	146000	fus	0.03 3520	1	
308	526000	fus	0.11 9536	1	
308	526000	rap	0.14 5392		1
309	96000	rap	0.01 2008		1
309	96000	fus	0.02 2736	1	
310	59000	rap	0.00 1720		1
310	59000	fus	0.01 2276	1	
311	55000	rap	0.00 1692		1
311	55000	fus	0.01 2104	1	
312	951000	fus	0.22 16104	1	
312	951000	rap	0.34 8716		1
313	824000	fus	0.19 14148	1	
313	824000	rap	0.28 7672		1
314	46000	rap	0.00 1636		1
314	46000	fus	0.00 2008	1	
315	571000	fus	0.14 10180	1	
315	571000	rap	0.17 5592		1
316	572000	fus	0.13 10208	1	
316	572000	rap	0.17 5708		1
317	228000	rap	0.04 2964	1	
317	228000	fus	0.05 4848	1	
318	20000	rap	0.00 1416	1	
318	20000	fus	0.00 1636	1	
319	584000	fus	0.13 10364	1	
319	584000	rap	0.17 5692		1
320	821000	fus	0.19 14072	1	
320	821000	rap	0.27 7652		1
321	902000	fus	0.20 15332	1	
321	902000	rap	0.32 8252		1
322	454000	fus	0.10 8380	1	
322	454000	rap	0.12 4728		1
323	728000	fus	0.16 12692	1	
323	728000	rap	0.23 6880		1
324	840000	fus	0.27 14364	1	
324	840000	rap	0.37 7832	TriFusion	1
325	561000	fus	0.13 10044	1	
325	561000	rap	0.16 5512		1
326	673000	fus	0.16 11808	1	
326	673000	rap	0.21 6516		1
327	898000	fus	0.21 15212	1	
327	898000	rap	0.31 8300		1
328	463000	fus	0.10 8488	1	
328	463000	rap	0.12 4824		1
329	123000	rap	0.02 2140		1
329	123000	fus	0.02 3188	1	
330	436000	fus	0.10 8048	1	
330	436000	rap	0.11 4536		1
331	471000	fus	0.10 8600	1	
331	471000	rap	0.13 4864		1
332	60000	fus	0.01 2228		1
332	60000	rap	0.00 1760		1
333	368000	fus	0.08 7072	1	
333	368000	rap	0.09 4164		1
334	559000	fus	0.16 9992	1	
334	559000	rap	0.20 5596		1
335	813000	fus	0.19 14020	1	
335	813000	rap	0.27 7612		1
336	10000	fus	0.00 1388	1	
336	10000	rap	0.00 1256		1
337	763000	fus	0.17 13156	1	
337	763000	rap	0.25 7236		1
338	48000	rap	0.01 1552		1
338	48000	fus	0.01 1988	1	
339	435000	fus	0.10 8112	1	
339	435000	rap	0.12 4628		1
340	826000	fus	0.19 14172	1	
340	826000	rap	0.28 7740		1
341	684000	fus	0.16 11972	1	
341	684000	rap	0.22 6544		1
342	777000	fus	0.25 13400	1	
342	777000	rap	0.33 7256		1
343	699000	fus	0.16 12176	1	
343	699000	rap	0.22 6744		1
344	715000	fus	0.16 12352	1	
344	715000	rap	0.22 6776		1
345	948000	fus	0.21 16168	1	
345	948000	rap	0.34 8596		1
346	911000	fus	0.20 15592	1	
346	911000	rap	0.32 8356		1
347	447000	fus	0.10 8276	1	
347	447000	rap	0.12 4764		1
348	154000	rap	0.02 2400		1
348	154000	fus	0.03 3648	1	
349	509000	fus	0.12 9204	1	
349	509000	rap	0.14 5232		1
350	670000	fus	0.16 11728	1	
350	670000	rap	0.20 6504		1
351	110000	rap	0.02 2120		1
351	110000	fus	0.02 3072	1	
352	233000	rap	0.05 3108	1	
352	233000	fus	0.05 4952	1	
353	23000	rap	0.00 1412	1	
353	23000	fus	0.00 1640	1	
354	905000	fus	0.21 15428	1	
354	905000	rap	0.32 8260		1
355	248000	rap	0.05 3220	1	
355	248000	fus	0.05 5144	1	
356	343000	fus	0.08 6624	1	
356	343000	rap	0.08 3936		1
357	355000	fus	0.08 6824	1	
357	355000	rap	0.08 3976		1
358	573000	fus	0.13 10192	1	
358	573000	rap	0.16 5708		1
359	205000	rap	0.04 2836		1
359	205000	fus	0.04 4556	1	
360	563000	fus	0.13 10056	1	
360	563000	rap	0.17 5656		1
361	585000	fus	0.14 10452	1	
361	585000	rap	0.18 5776		1
362	931000	fus	0.22 15904	1	
362	931000	rap	0.33 8536		1
363	410000	fus	0.10 7584	1	
363	410000	rap	0.10 4324		1
364	757000	fus	0.17 13012	1	
364	757000	rap	0.24 7200		1
365	635000	fus	0.14 11176	1	
365	635000	rap	0.19 6200		1
366	558000	fus	0.13 10032	1	
366	558000	rap	0.16 5644		1
367	526000	fus	0.11 9536	1	
367	526000	rap	0.14 5376		1
368	253000	rap	0.05 3168	1	
368	253000	fus	0.05 5236	1	
369	119000	rap	0.02 2152	1	
369	119000	fus	0.02 3044	1	
370	372000	fus	0.08 7080	1	
370	372000	rap	0.09 4108		1
371	804000	fus	0.18 13796	1	
371	804000	rap	0.26 7544		1
372	467000	fus	0.10 8572	1	
372	467000	rap	0.12 4936		1
373	693000	fus	0.17 12072	1	
373	693000	rap	0.22 6712		1
374	232000	rap	0.04 3000	1	
374	232000	fus	0.05 4908	1	
375	94000	rap	0.01 2012		1
375	94000	fus	0.02 2712	1	
376	292000	rap	0.06 3556		1
376	292000	fus	0.06 5844	1	
377	482000	fus	0.11 8812	1	
377	482000	rap	0.13 4968		1
378	449000	fus	0.10 8336	1	
378	449000	rap	0.12 4744		1
379	981000	fus	0.24 16580	1	
379	981000	rap	0.37 8940		1
380	40000	rap	0.00 1548		1
380	40000	fus	0.00 1864	1	
381	354000	fus	0.08 6800	1	
381	354000	rap	0.08 4052		1
382	695000	fus	0.16 12172	1	
382	695000	rap	0.22 6664		1
383	359000	fus	0.08 6860	1	
383	359000	rap	0.09 4084		1
384	246000	rap	0.06 3192	1	
384	246000	fus	0.06 5196	1	
385	980000	fus	0.22 16580	1	
385	980000	rap	0.36 8888		1
386	350000	fus	0.08 6720	1	
386	350000	rap	0.08 4016		1
387	741000	fus	0.17 12836	1	
387	741000	rap	0.24 6976		1
388	743000	fus	0.17 12904	1	
388	743000	rap	0.24 6992		1
389	907000	fus	0.20 15400	1	
389	907000	rap	0.32 8256		1
390	435000	fus	0.12 8088	1	
390	435000	rap	0.14 4580		1
391	893000	fus	0.20 15232	1	
391	893000	rap	0.31 8220		1
392	46000	rap	0.00 1620		1
392	46000	fus	0.01 2028	1	
393	912000	fus	0.20 15528	1	
393	912000	rap	0.32 8312		1
394	364000	fus	0.08 7004	1	
394	364000	rap	0.09 4096		1
395	751000	fus	0.17 12988	1	
395	751000	rap	0.24 7056		1
396	611000	fus	0.14 10812	1	
396	611000	rap	0.18 6004		1
397	967000	fus	0.22 16364	1	
397	967000	rap	0.35 8796		1
398	691000	fus	0.15 12072	1	
398	691000	rap	0.21 6600		1
399	150000	rap	0.02 2372		1
399	150000	fus	0.03 3664	1	
400	781000	fus	0.24 13436	1	
400	781000	rap	0.32 7232		1
401	978000	fus	0.22 16564	1	
401	978000	rap	0.36 8944		1
402	459000	fus	0.10 8444	1	
402	459000	rap	0.12 4872		1
403	87000	rap	0.02 1860		1
403	87000	fus	0.02 2676	1	
404	67000	rap	0.01 1792		1
404	67000	fus	0.01 2332	1	
405	719000	fus	0.16 12524	1	
405	719000	rap	0.22 6876		1
406	936000	fus	0.31 15880	1	
406	936000	rap	0.44 8520		1
407	893000	fus	0.20 15196	1	
407	893000	rap	0.32 8168		1
408	841000	fus	0.20 14376	1	
408	841000	rap	0.29 7700		1
409	300000	fus	0.06 5928	1	
409	300000	rap	0.06 3544	1	
410	389000	fus	0.08 7328	1	
410	389000	rap	0.10 4320		1
411	83000	rap	0.01 1908		1
411	83000	fus	0.01 2592	1	
412	705000	fus	0.16 12368	1	
412	705000	rap	0.22 6736		1
413	123000	rap	0.02 2252		1
413	123000	fus	0.02 3204	1	
414	26000	rap	0.00 1480	1	
414	26000	fus	0.00 1688	1	
415	438000	fus	0.10 8160	1	
415	438000	rap	0.11 4620		1
416	888000	fus	0.20 15112	1	
416	888000	rap	0.31 8128		1
417	920000	fus	0.20 15692	1	
417	920000	rap	0.33 8320		1
418	970000	fus	0.22 16420	1	
418	970000	rap	0.36 8828		1
419	997000	fus	0.22 16872	1	
419	997000	rap	0.37 8920		1
420	892000	fus	0.21 15252	1	
420	892000	rap	0.32 8156		1
421	262000	rap	0.06 3296	1	
421	262000	fus	0.06 5340	1	
422	698000	fus	0.17 12184	1	
422	698000	rap	0.22 6740		1
423	368000	fus	0.08 6988	1	
423	368000	rap	0.09 4052		1
424	23000	rap	0.00 1456	1	
424	23000	fus	0.00 1588	1	
425	584000	fus	0.14 10384	1	
425	584000	rap	0.18 5792		1
426	233000	rap	0.05 3092	1	
426	233000	fus	0.05 4924	1	
427	585000	fus	0.14 10424	1	
427	585000	rap	0.18 5860		1
428	42000	rap	0.00 1552		1
428	42000	fus	0.00 1972	1	
429	379000	fus	0.11 7208	1	
429	379000	rap	0.12 4144		1
430	575000	fus	0.13 10244	1	
430	575000	rap	0.16 5696		1
431	901000	fus	0.21 15316	1	
431	901000	rap	0.32 8288		1
432	349000	fus	0.08 6732	1	
432	349000	rap	0.08 4004		1
433	591000	fus	0.14 10520	1	
433	591000	rap	0.18 5800		1
434	814000	fus	0.18 13984	1	
434	814000	rap	0.27 7624		1
435	241000	rap	0.05 3084	1	
435	241000	fus	0.05 5008	1	
436	90000	rap	0.01 1900		1
436	90000	fus	0.02 2684	1	
437	109000	rap	0.02 2128		1
437	109000	fus	0.02 2984	1	
438	540000	fus	0.13 9696	1	
438	540000	rap	0.15 5400		1
439	683000	fus	0.16 11928	1	
439	683000	rap	0.21 6616		1
440	43000	rap	0.00 1568		1
440	43000	fus	0.00 1932	1	
441	218000	rap	0.04 2972		1
441	218000	fus	0.04 4656	1	
442	213000	rap	0.04 2848	1	
442	213000	fus	0.04 4572	1	
443	209000	rap	0.05 2900		1
443	209000	fus	0.05 4528	1	
444	648000	fus	0.14 11364	1	
444	648000	rap	0.20 6348		1
445	899000	fus	0.20 15312	1	
445	899000	rap	0.32 8264		1
446	486000	fus	0.10 8780	1	
446	486000	rap	0.13 5064		1
447	159000	rap	0.03 2536		1
447	159000	fus	0.03 3772	1	
448	850000	fus	0.20 14560	1	
448	850000	rap	0.30 7928		1
449	528000	fus	0.12 9520	1	
449	528000	rap	0.14 5388		1
450	632000	fus	0.14 11116	1	
450	632000	rap	0.19 6204		1
451	884000	fus	0.20 15056	1	
451	884000	rap	0.31 8092		1
452	201000	rap	0.04 2796		1
452	201000	fus	0.04 4428	1	
453	606000	fus	0.14 10780	1	
453	606000	rap	0.19 5996		1
454	191000	rap	0.04 2696		1
454	191000	fus	0.04 4272	1	
455	765000	fus	0.18 13188	1	
455	765000	rap	0.24 7168		1
456	194000	rap	0.04 2772		1
456	194000	fus	0.05 4320	1	
457	477000	fus	0.11 8688	1	
457	477000	rap	0.13 4912		1
458	730000	fus	0.17 12672	1	
458	730000	rap	0.24 6912		1
459	69000	rap	0.01 1732	1	
459	69000	fus	0.01 2336	1	
460	745000	fus	0.16 12944	1	
460	745000	rap	0.24 7080		1
461	482000	fus	0.11 8844	1	
461	482000	rap	0.13 4968		1
462	356000	fus	0.08 6804	1	
462	356000	rap	0.09 3968		1
463	696000	fus	0.16 12196	1	
463	696000	rap	0.22 6564		1
464	159000	rap	0.03 2476	1	
464	159000	fus	0.03 3836	1	
465	886000	fus	0.20 15100	1	
465	886000	rap	0.32 8208		1
466	865000	fus	0.20 14796	1	
466	865000	rap	0.30 7964		1
467	422000	fus	0.09 7852	1	
467	422000	rap	0.11 4528		1
468	456000	fus	0.10 8468	1	
468	456000	rap	0.12 4740		1
469	870000	fus	0.20 14836	1	
469	870000	rap	0.30 7988		1
470	223000	fus	0.04 4744		1
470	223000	rap	0.04 3020		1
471	436000	fus	0.10 8056	1	
471	436000	rap	0.12 4660	TriFusion	1
472	202000	rap	0.04 2804		1
472	202000	fus	0.04 4340	1	
473	581000	fus	0.13 10396	1	
473	581000	rap	0.16 5740		1
474	569000	fus	0.14 10168	1	
474	569000	rap	0.17 5712		1
475	103000	rap	0.02 2032		1
475	103000	fus	0.02 2868	1	
476	173000	rap	0.03 2612		1
476	173000	fus	0.03 3944	1	
477	896000	fus	0.20 15260	1	
477	896000	rap	0.32 8184		1
478	682000	fus	0.16 11892	1	
478	682000	rap	0.21 6560		1
479	785000	fus	0.17 13524	1	
479	785000	rap	0.26 7364		1
480	410000	fus	0.08 7680	1	
480	410000	rap	0.10 4432		1
481	455000	fus	0.10 8364	1	
481	455000	rap	0.12 4824		1
482	461000	fus	0.10 8560	1	
482	461000	rap	0.12 4792		1
483	82000	rap	0.01 1872		1
483	82000	fus	0.02 2544	1	
484	655000	fus	0.15 11512	1	
484	655000	rap	0.20 6384		1
485	681000	fus	0.15 11896	1	
485	681000	rap	0.21 6596		1
486	952000	fus	0.22 16152	1	
486	952000	rap	0.34 8732		1
487	237000	rap	0.06 3100	1	
487	237000	fus	0.06 4940	1	
488	125000	rap	0.02 2248		1
488	125000	fus	0.03 3204	1	
489	286000	rap	0.06 3516	1	
489	286000	fus	0.06 5788	1	
490	354000	fus	0.08 6780	1	
490	354000	rap	0.08 3964		1
491	111000	rap	0.02 2044		1
491	111000	fus	0.02 3012	1	
492	511000	fus	0.10 9280	1	
492	511000	rap	0.14 5284		1
493	22000	rap	0.00 1420	1	
493	22000	fus	0.00 1596	1	
494	35000	rap	0.00 1552		1
494	35000	fus	0.00 1804	1	
495	95000	rap	0.01 1940		1
495	95000	fus	0.02 2804	1	
496	944000	fus	0.22 15932	1	
496	944000	rap	0.35 8660		1
497	962000	fus	0.22 16348	1	
497	962000	rap	0.36 8788		1
498	911000	fus	0.22 15544	1	
498	911000	rap	0.33 8384		1
499	173000	fus	0.03 3968		1
499	173000	rap	0.03 2600		1
500	92000	rap	0.02 1844		1
500	92000	fus	0.02 2676	1	
501	472000	fus	0.10 8688	1	
501	472000	rap	0.12 4940		1
502	608000	fus	0.14 10784	1	
502	608000	rap	0.18 5988		1
503	840000	fus	0.19 14412	1	
503	840000	rap	0.29 7804		1
504	481000	fus	0.10 8792	1	
504	481000	rap	0.13 5016		1
505	772000	fus	0.18 13340	1	
505	772000	rap	0.25 7268		1
506	270000	rap	0.06 3236		1
506	270000	fus	0.06 5488		1
507	395000	fus	0.10 7460	1	
507	395000	rap	0.11 4212		1
508	949000	fus	0.22 16116	1	
508	949000	rap	0.34 8652		1
509	990000	fus	0.22 16780	1	
509	990000	rap	0.37 9028		1
510	900000	fus	0.21 15324	1	
510	900000	rap	0.32 8160		1
511	91000	rap	0.01 1964		1
511	91000	fus	0.02 2696	1	
512	853000	fus	0.21 14624	1	
512	853000	rap	0.30 7856		1
513	568000	fus	0.13 10188	1	
513	568000	rap	0.16 5620		1
514	974000	fus	0.22 16456	1	
514	974000	rap	0.36 8852		1
515	369000	fus	0.09 7068	1	
515	369000	rap	0.10 4072		1
516	801000	fus	0.18 13752	1	
516	801000	rap	0.27 7388		1
517	394000	fus	0.08 7508	1	
517	394000	rap	0.09 4264		1
518	292000	fus	0.07 5808		1
518	292000	rap	0.07 3468		1
519	675000	fus	0.16 11832	1	
519	675000	rap	0.21 6564		1
520	65000	rap	0.01 1736		1
520	65000	fus	0.01 2292	1	
521	654000	fus	0.14 11500	1	
521	654000	rap	0.20 6384		1
522	871000	fus	0.20 14876	1	
522	871000	rap	0.30 7996		1
523	289000	fus	0.06 5772		1
523	289000	rap	0.06 3440		1
524	682000	fus	0.16 11916	1	
524	682000	rap	0.22 6592		1
525	879000	fus	0.21 15048	1	
525	879000	rap	0.32 8000		1
526	27000	rap	0.00 1496	1	
526	27000	fus	0.00 1680	1	
527	289000	fus	0.07 5776	1	
527	289000	rap	0.08 3540		1
528	952000	fus	0.22 16160	1	
528	952000	rap	0.34 8700		1
529	38000	rap	0.00 1556		1
529	38000	fus	0.00 1916	1	
530	217000	rap	0.05 2976	1	
530	217000	fus	0.05 4744	1	
531	477000	fus	0.11 8732	1	
531	477000	rap	0.13 4852		1
532	128000	rap	0.02 2272		1
532	128000	fus	0.02 3320	1	
533	223000	rap	0.04 3020		1
533	223000	fus	0.05 4724	1	
534	638000	fus	0.15 11284	1	
534	638000	rap	0.19 6224		1
535	927000	fus	0.20 15800	1	
535	927000	rap	0.33 8508		1
536	278000	rap	0.06 3356	1	
536	278000	fus	0.06 5580	1	
537	185000	rap	0.03 2732		1
537	185000	fus	0.04 4180	1	
538	85000	rap	0.01 1792		1
538	85000	fus	0.02 2596	1	
539	128000	rap	0.02 2192		1
539	128000	fus	0.03 3248	1	
540	479000	fus	0.10 8744	1	
540	479000	rap	0.13 5028		1
541	15000	rap	0.00 1392	1	
541	15000	fus	0.00 1476	1	
542	647000	fus	0.15 11384	1	
542	647000	rap	0.20 6280		1
543	631000	fus	0.14 11116	1	
543	631000	rap	0.19 6120		1
544	619000	fus	0.14 10904	1	
544	619000	rap	0.18 6120		1
545	143000	rap	0.02 2344		1
545	143000	fus	0.03 3472	1	
546	463000	fus	0.10 8508	1	
546	463000	rap	0.12 4844		1
547	725000	fus	0.17 12620	1	
547	725000	rap	0.23 6848		1
548	557000	fus	0.16 10056	1	
548	557000	rap	0.20 5608		1
549	319000	fus	0.07 6300	1	
549	319000	rap	0.07 3788		1
550	296000	fus	0.07 5944		1
550	296000	rap	0.08 3492		1
551	839000	fus	0.20 14292	1	
551	839000	rap	0.29 7744		1
552	400000	fus	0.09 7608	1	
552	400000	rap	0.10 4356		1
553	349000	rap	0.08 3932		1
553	349000	fus	0.08 6808		1
554	570000	fus	0.13 10180	1	
554	570000	rap	0.17 5736		1
555	894000	fus	0.20 15252	1	
555	894000	rap	0.32 8252		1
556	376000	fus	0.08 7160	1	
556	376000	rap	0.09 4228		1
557	908000	fus	0.21 15428	1	
557	908000	rap	0.33 8300		1
558	530000	fus	0.12 9636	1	
558	530000	rap	0.15 5324		1
559	63000	fus	0.01 2268	1	
559	63000	rap	0.01 1696		1
560	882000	fus	0.20 15072	1	
560	882000	rap	0.31 8192		1
561	875000	fus	0.20 14932	1	
561	875000	rap	0.30 8020		1
562	512000	fus	0.11 9320	1	
562	512000	rap	0.14 5256		1
563	28000	rap	0.00 1484	1	
563	28000	fus	0.00 1680	1	
564	347000	fus	0.08 6676	1	
564	347000	rap	0.08 4004		1
565	833000	fus	0.28 14272	1	
565	833000	rap	0.38 7804		1
566	564000	fus	0.17 10128	1	
566	564000	rap	0.21 5664		1
567	698000	fus	0.17 12184	1	
567	698000	rap	0.22 6744		1
568	722000	fus	0.17 12560	1	
568	722000	rap	0.23 6916		1
569	201000	rap	0.04 2856		1
569	201000	fus	0.04 4380	1	
570	998000	fus	0.23 16904	1	
570	998000	rap	0.38 9092		1
571	643000	fus	0.15 11280	1	
571	643000	rap	0.20 6308		1
572	524000	fus	0.15 9508	1	
572	524000	rap	0.18 5392		1
573	371000	fus	0.09 7072	1	
573	371000	rap	0.09 4180		1
574	457000	fus	0.10 8404	1	
574	457000	rap	0.12 4864		1
575	157000	rap	0.03 2520		1
575	157000	fus	0.03 3736	1	
576	850000	fus	0.20 14464	1	
576	850000	rap	0.29 7908		1
577	421000	fus	0.09 7816	1	
577	421000	rap	0.10 4584		1
578	62000	rap	0.00 1740		1
578	62000	fus	0.01 2288	1	
579	479000	fus	0.11 8796	1	
579	479000	rap	0.13 5040		1
580	817000	fus	0.19 14048	1	
580	817000	rap	0.27 7656		1
581	359000	fus	0.08 6896	1	
581	359000	rap	0.08 3988		1
582	92000	rap	0.01 1900		1
582	92000	fus	0.02 2792	1	
583	823000	fus	0.19 14148	1	
583	823000	rap	0.28 7700		1
584	559000	fus	0.13 9976	1	
584	559000	rap	0.16 5628		1
585	681000	fus	0.16 11880	1	
585	681000	rap	0.21 6608		1
586	695000	fus	0.16 12152	1	
586	695000	rap	0.22 6704		1
587	630000	fus	0.14 11088	1	
587	630000	rap	0.18 6112		1
588	583000	fus	0.13 10344	1	
588	583000	rap	0.17 5792		1
589	290000	fus	0.06 5848	1	
589	290000	rap	0.07 3448	1	
590	64000	fus	0.01 2256	1	
590	64000	rap	0.01 1700		1
591	590000	fus	0.18 10532	1	
591	590000	rap	0.22 5740		1
592	319000	fus	0.07 6240	1	
592	319000	rap	0.07 3724		1
593	815000	fus	0.19 14024	1	
593	815000	rap	0.28 7604		1
594	668000	fus	0.15 11704	1	
594	668000	rap	0.21 6456		1
595	952000	fus	0.22 16160	1	
595	952000	rap	0.35 8668		1
596	920000	fus	0.21 15696	1	
596	920000	rap	0.33 8448		1
597	451000	fus	0.10 8356	1	
597	451000	rap	0.12 4800		1
598	261000	rap	0.06 3224		1
598	261000	fus	0.06 5396		1
599	115000	rap	0.02 2184		1
599	115000	fus	0.02 3032	1	
600	420000	fus	0.10 7800	1	
600	420000	rap	0.12 4540		1
601	14000	rap	0.00 1352	1	
601	14000	fus	0.00 1504	1	
602	830000	fus	0.19 14284	1	
602	830000	rap	0.28 7692		1
603	817000	fus	0.26 14056	1	
603	817000	rap	0.36 7516		1
604	489000	fus	0.11 8936	1	
604	489000	rap	0.13 5004		1
605	251000	fus	0.06 5196	1	
605	251000	rap	0.06 3164		1
606	792000	fus	0.18 13728	1	
606	792000	rap	0.26 7464		1
607	962000	fus	0.22 16344	1	
607	962000	rap	0.35 8776		1
608	769000	fus	0.18 13248	1	
608	769000	rap	0.26 7208		1
609	990000	fus	0.23 16712	1	
609	990000	rap	0.37 8992		1
610	620000	fus	0.14 10920	1	
610	620000	rap	0.18 6116		1
611	883000	fus	0.20 15156	1	
611	883000	rap	0.31 8196		1
612	151000	rap	0.04 2448		1
612	151000	fus	0.04 3676	1	
613	814000	fus	0.20 14036	1	
613	814000	rap	0.28 7564		1
614	653000	fus	0.15 11480	1	
614	653000	rap	0.20 6304		1
615	887000	fus	0.20 15216	1	
615	887000	rap	0.31 8200		1
616	151000	rap	0.04 2380		1
616	151000	fus	0.04 3620	1	
617	740000	fus	0.18 12852	1	
617	740000	rap	0.24 7048		1
618	940000	fus	0.24 15964	1	
618	940000	rap	0.34 8576		1
619	258000	rap	0.05 3296	1	
619	258000	fus	0.05 5320	1	
620	107000	rap	0.02 2068		1
620	107000	fus	0.02 2856	1	
621	835000	fus	0.22 14352	1	
621	835000	rap	0.30 7708		1
622	239000	rap	0.05 3148	1	
622	239000	fus	0.05 4992	1	
623	550000	fus	0.12 9840	1	
623	550000	rap	0.15 5500		1
624	894000	fus	0.20 15288	1	
624	894000	rap	0.31 8248		1
625	589000	fus	0.17 10464	1	
625	589000	rap	0.21 5868		1
626	724000	fus	0.16 12588	1	
626	724000	rap	0.23 6864		1
627	314000	fus	0.07 6176	1	
627	314000	rap	0.07 3656		1
628	633000	fus	0.14 11132	1	
628	633000	rap	0.19 6132		1
629	995000	fus	0.34 16732	1	
629	995000	rap	0.49 8980		1
630	880000	fus	0.30 15100	1	
630	880000	rap	0.42 8112		1
631	203000	rap	0.04 2848		1
631	203000	fus	0.05 4452	1	
632	613000	fus	0.14 10820	1	
632	613000	rap	0.18 6072		1
633	424000	fus	0.09 7864	1	
633	424000	rap	0.10 4544		1
634	738000	fus	0.18 12884	1	
634	738000	rap	0.24 7000		1
635	816000	fus	0.19 13984	1	
635	816000	rap	0.28 7660		1
636	111000	rap	0.02 2120		1
636	111000	fus	0.02 3020	1	
637	32000	rap	0.00 1428	1	
637	32000	fus	0.00 1784	1	
638	783000	fus	0.18 13556	1	
638	783000	rap	0.26 7252		1
639	835000	fus	0.19 14324	1	
639	835000	rap	0.28 7708		1
640	898000	fus	0.22 15344	1	
640	898000	rap	0.33 8296		1
641	271000	fus	0.06 5548		1
641	271000	rap	0.06 3396		1
642	121000	rap	0.02 2208		1
642	121000	fus	0.02 3244	1	
643	436000	fus	0.10 8080	1	
643	436000	rap	0.12 4696		1
644	511000	fus	0.11 9168	1	
644	511000	rap	0.14 5180		1
645	351000	fus	0.08 6804	1	
645	351000	rap	0.08 4040		1
646	641000	fus	0.14 11272	1	
646	641000	rap	0.19 6304		1
647	412000	fus	0.09 7676	1	
647	412000	rap	0.10 4416		1
648	641000	fus	0.15 11292	1	
648	641000	rap	0.20 6280		1
649	580000	fus	0.14 10372	1	
649	580000	rap	0.17 5812		1
650	456000	fus	0.10 8440	1	
650	456000	rap	0.12 4828		1
651	438000	fus	0.10 8120	1	
651	438000	rap	0.12 4624		1
652	554000	fus	0.12 9952	1	
652	554000	rap	0.16 5612		1
653	474000	fus	0.15 8696	1	
653	474000	rap	0.17 4928		1
654	46000	rap	0.00 1484		1
654	46000	fus	0.01 1992	1	
655	48000	rap	0.01 1668	1	
655	48000	fus	0.01 2104	1	
656	22000	rap	0.00 1440	1	
656	22000	fus	0.00 1624	1	
657	569000	fus	0.14 10168	1	
657	569000	rap	0.16 5676		1
658	963000	fus	0.22 16284	1	
658	963000	rap	0.35 8812		1
659	400000	fus	0.09 7536	1	
659	400000	rap	0.10 4332		1
660	945000	fus	0.22 16080	1	
660	945000	rap	0.35 8668		1
661	85000	rap	0.01 1932		1
661	85000	fus	0.01 2644	1	
662	437000	fus	0.10 8088	1	
662	437000	rap	0.11 4640		1
663	789000	fus	0.18 13568	1	
663	789000	rap	0.26 7444		1
664	467000	fus	0.10 8612	1	
664	467000	rap	0.12 4916		1
665	489000	fus	0.11 8920	1	
665	489000	rap	0.13 5080		1
666	319000	fus	0.07 6308	1	
666	319000	rap	0.07 3672		1
667	626000	fus	0.14 11092	1	
667	626000	rap	0.18 6188		1
668	690000	fus	0.16 12068	1	
668	690000	rap	0.21 6580		1
669	648000	fus	0.15 11400	1	
669	648000	rap	0.19 6244		1
670	682000	fus	0.16 11976	1	
670	682000	rap	0.21 6512		1
671	188000	rap	0.04 2724		1
671	188000	fus	0.04 4220	1	
672	677000	fus	0.16 11836	1	
672	677000	rap	0.22 6556		1
673	526000	fus	0.12 9484	1	
673	526000	rap	0.15 5340		1
674	554000	fus	0.12 9968	1	
674	554000	rap	0.16 5516		1
675	126000	rap	0.02 2212		1
675	126000	fus	0.03 3232	1	
676	782000	fus	0.18 13504	1	
676	782000	rap	0.26 7380		1
677	612000	fus	0.13 10844	1	
677	612000	rap	0.18 6044		1
678	778000	fus	0.18 13340	1	
678	778000	rap	0.26 7380		1
679	747000	fus	0.17 12988	1	
679	747000	rap	0.24 7108		1
680	602000	fus	0.14 10660	1	
680	602000	rap	0.17 5888		1
681	948000	fus	0.22 16068	1	
681	948000	rap	0.35 8672		1
682	348000	fus	0.08 6676	1	
682	348000	rap	0.08 3944		1
683	694000	fus	0.17 12124	1	
683	694000	rap	0.22 6688		1
684	879000	fus	0.20 15028	1	
684	879000	rap	0.30 8048		1
685	347000	fus	0.08 6776	1	
685	347000	rap	0.08 3916		1
686	783000	fus	0.19 13500	1	
686	783000	rap	0.27 7244		1
687	991000	fus	0.22 16804	1	
687	991000	rap	0.37 9020		1
688	692000	fus	0.16 12104	1	
688	692000	rap	0.21 6588		1
689	571000	fus	0.12 10204	1	
689	571000	rap	0.16 5736		1
690	256000	rap	0.05 3236	1	
690	256000	fus	0.05 5256	1	
691	229000	rap	0.05 3044		1
691	229000	fus	0.05 4856	1	
692	385000	fus	0.08 7304	1	
692	385000	rap	0.09 4264		1
693	881000	fus	0.20 15120	1	
693	881000	rap	0.31 8012		1
694	277000	fus	0.07 5572		1
694	277000	rap	0.07 3352		1
695	83000	rap	0.01 1884		1
695	83000	fus	0.01 2536	1	
696	713000	fus	0.16 12424	1	
696	713000	rap	0.22 6832		1
697	105000	rap	0.02 2100		1
697	105000	fus	0.02 3000	1	
698	328000	fus	0.08 6444	1	
698	328000	rap	0.08 3744		1
699	971000	fus	0.22 16356	1	
699	971000	rap	0.36 8772		1
700	530000	fus	0.12 9636	1	
700	530000	rap	0.14 5268		1
701	14000	rap	0.00 1380	1	
701	14000	fus	0.00 1448	1	
702	558000	fus	0.12 9972	1	
702	558000	rap	0.16 5648		1
703	168000	rap	0.03 2492		1
703	168000	fus	0.04 3896	1	
704	309000	fus	0.07 6104	1	
704	309000	rap	0.07 3596		1
705	919000	fus	0.22 15612	1	
705	919000	rap	0.34 8416		1
706	66000	rap	0.01 1768		1
706	66000	fus	0.01 2344	1	
707	677000	fus	0.16 11896	1	
707	677000	rap	0.22 6588		1
708	550000	fus	0.16 9868	1	
708	550000	rap	0.19 5580		1
709	144000	rap	0.02 2396		1
709	144000	fus	0.03 3560	1	
710	132000	rap	0.02 2284		1
710	132000	fus	0.02 3244	1	
711	742000	fus	0.20 12888	1	
711	742000	rap	0.29 7060		1
712	856000	fus	0.20 14636	1	
712	856000	rap	0.30 7964		1
713	177000	rap	0.03 2652	1	
713	177000	fus	0.04 4000	1	
714	381000	fus	0.09 7196	1	
714	381000	rap	0.10 4164		1
715	509000	fus	0.12 9212	1	
715	509000	rap	0.14 5160		1
716	822000	fus	0.21 14196	1	
716	822000	rap	0.30 7604		1
717	729000	fus	0.23 12576	1	
717	729000	rap	0.30 6976		1
718	418000	fus	0.10 7748	1	
718	418000	rap	0.11 4428		1
719	655000	fus	0.16 11516	1	
719	655000	rap	0.24 6392		1
720	321000	fus	0.08 6224	1	
720	321000	rap	0.08 3684		1
721	172000	rap	0.03 2600		1
721	172000	fus	0.04 3920	1	
722	867000	fus	0.22 14788	1	
722	867000	rap	0.32 7904		1
723	338000	fus	0.08 6464	1	
723	338000	rap	0.08 3820		1
724	776000	fus	0.18 13360	1	
724	776000	rap	0.26 7328		1
725	660000	fus	0.15 11672	1	
725	660000	rap	0.20 6360		1
726	43000	fus	0.00 1960		1
726	43000	rap	0.00 1568		1
727	288000	rap	0.07 3512	1	
727	288000	fus	0.07 5820	1	
728	928000	fus	0.20 15768	1	
728	928000	rap	0.34 8516		1
729	918000	fus	0.22 15524	1	
729	918000	rap	0.34 8436		1
730	156000	rap	0.03 2416		1
730	156000	fus	0.04 3752	1	
731	615000	fus	0.15 10844	1	
731	615000	rap	0.18 6012		1
732	75000	rap	0.01 1860		1
732	75000	fus	0.02 2408	1	
733	546000	fus	0.13 9784	1	
733	546000	rap	0.16 5532		1
734	850000	fus	0.20 14468	1	
734	850000	rap	0.30 7928		1
735	511000	fus	0.12 9304	1	
735	511000	rap	0.14 5176		1
736	90000	rap	0.01 1972		1
736	90000	fus	0.02 2684	1	
737	416000	fus	0.09 7684	1	
737	416000	rap	0.10 4380		1
738	973000	fus	0.23 16456	1	
738	973000	rap	0.36 8784		1
739	62000	rap	0.00 1744		1
739	62000	fus	0.01 2224	1	
740	920000	fus	0.22 15608	1	
740	920000	rap	0.34 8320		1
741	6000	rap	0.00 1312	1	
741	6000	fus	0.00 1404	1	
742	74000	rap	0.01 1800		1
742	74000	fus	0.02 2396	1	
743	732000	fus	0.19 12712	1	
743	732000	rap	0.26 6984		1
744	599000	fus	0.14 10648	1	
744	599000	rap	0.18 5940		1
745	664000	fus	0.16 11656	1	
745	664000	rap	0.21 6372		1
746	687000	fus	0.18 12024	1	
746	687000	rap	0.25 6652		1
747	222000	rap	0.04 2968		1
747	222000	fus	0.05 4724	1	
748	978000	fus	0.23 16592	1	
748	978000	rap	0.37 8824		1
749	759000	fus	0.18 13120	1	
749	759000	rap	0.26 7208		1
750	453000	fus	0.10 8316	1	
750	453000	rap	0.12 4764		1
751	575000	fus	0.14 10256	1	
751	575000	rap	0.17 5776		1
752	650000	fus	0.14 11392	1	
752	650000	rap	0.20 6252		1
753	274000	rap	0.06 3404	1	
753	274000	fus	0.05 5632	1	
754	229000	rap	0.04 2916		1
754	229000	fus	0.05 4848	1	
755	306000	rap	0.07 3648		1
755	306000	fus	0.06 6064		1
756	112000	rap	0.02 2072		1
756	112000	fus	0.02 3016	1	
757	171000	rap	0.03 2596		1
757	171000	fus	0.03 3924	1	
758	76000	rap	0.01 1876		1
758	76000	fus	0.01 2500	1	
759	579000	fus	0.13 10404	1	
759	579000	rap	0.16 5784		1
760	764000	fus	0.18 13196	1	
760	764000	rap	0.25 7256		1
761	995000	fus	0.23 16788	1	
761	995000	rap	0.37 9008		1
762	319000	fus	0.07 6228	1	
762	319000	rap	0.07 3756		1
763	16000	rap	0.00 1320	1	
763	16000	fus	0.00 1524	1	
764	158000	rap	0.03 2512		1
764	158000	fus	0.03 3704	1	
765	964000	fus	0.24 16372	1	
765	964000	rap	0.36 8768		1
766	247000	rap	0.05 3164	1	
766	247000	fus	0.05 5176	1	
767	954000	fus	0.32 16220	1	
767	954000	rap	0.46 8716		1
768	481000	fus	0.11 8752	1	
768	481000	rap	0.13 4988		1
769	560000	fus	0.13 9980	1	
769	560000	rap	0.16 5544		1
770	577000	fus	0.17 10296	1	
770	577000	rap	0.21 5772		1
771	445000	fus	0.10 8136	1	
771	445000	rap	0.12 4716		1
772	207000	rap	0.04 2900		1
772	207000	fus	0.05 4588	1	
773	193000	rap	0.04 2800		1
773	193000	fus	0.04 4300	1	
774	511000	fus	0.11 9244	1	
774	511000	rap	0.14 5124		1
775	37000	rap	0.00 1572		
775	37000	fus	0.00 1936	1	
776	758000	fus	0.17 13120	1	
776	758000	rap	0.24 7112		1
777	784000	fus	0.18 13524	1	
777	784000	rap	0.26 7396		1
778	417000	fus	0.09 7804	1	
778	417000	rap	0.10 4516		1
779	827000	fus	0.27 14240	1	
779	827000	rap	0.37 7720		1
780	714000	fus	0.16 12472	1	
780	714000	rap	0.22 6780		1
781	916000	fus	0.22 15576	1	
781	916000	rap	0.34 8276		1
782	396000	fus	0.10 7476	1	
782	396000	rap	0.11 4380		1
783	476000	fus	0.10 8712	1	
783	476000	rap	0.12 4992		1
784	656000	fus	0.14 11492	1	
784	656000	rap	0.20 6356		1
785	347000	fus	0.08 6656	1	
785	347000	rap	0.09 3972		1
786	690000	fus	0.16 11964	1	
786	690000	rap	0.21 6648		1
787	952000	fus	0.22 16188	1	
787	952000	rap	0.35 8700		1
788	516000	fus	0.12 9352	1	
788	516000	rap	0.14 5268		1
789	629000	fus	0.14 11184	1	
789	629000	rap	0.19 6176		1
790	862000	fus	0.20 14788	1	
790	862000	rap	0.30 8032		1
791	771000	fus	0.17 13364	1	
791	771000	rap	0.25 7212		1
792	815000	fus	0.20 14012	1	
792	815000	rap	0.28 7496		1
793	222000	rap	0.04 2920		1
793	222000	fus	0.04 4780	1	
794	16000	rap	0.00 1300	1	
794	16000	fus	0.00 1596	1	
795	935000	fus	0.22 15816	1	
795	935000	rap	0.34 8540		1
796	175000	rap	0.03 2592		
796	175000	fus	0.04 3916	1	
797	275000	fus	0.07 5536	1	
797	275000	rap	0.07 3352	1	
798	634000	fus	0.14 11172	1	
798	634000	rap	0.19 6136		1
799	488000	fus	0.11 8864	1	
799	488000	rap	0.13 5044		1
800	477000	fus	0.11 8740	1	
800	477000	rap	0.13 4908		1
801	843000	fus	0.22 14484	1	
801	843000	rap	0.31 7868		1
802	203000	rap	0.04 2864		1
802	203000	fus	0.04 4356	1	
803	611000	fus	0.14 10816	1	
803	611000	rap	0.18 5976		1
804	476000	fus	0.12 8724	1	
804	476000	rap	0.14 4896		1
805	55000	rap	0.00 1628		1
805	55000	fus	0.01 2168	1	
806	501000	fus	0.11 9104	1	
806	501000	rap	0.13 5092		1
807	285000	fus	0.06 5688	1	
807	285000	rap	0.06 3452		1
808	578000	fus	0.13 10320	1	
808	578000	rap	0.17 5720		1
809	80000	rap	0.01 1904		1
809	80000	fus	0.01 2560	1	
810	456000	fus	0.10 8480	1	
810	456000	rap	0.12 4760		1
811	718000	fus	0.16 12532	1	
811	718000	rap	0.23 6868		1
812	19000	rap	0.00 1324		1
812	19000	fus	0.00 1480	1	
813	322000	rap	0.07 3784		1
813	322000	fus	0.08 6288		1
814	142000	fus	0.03 3496	1	
814	142000	rap	0.03 2336	1	
815	357000	fus	0.07 6868	1	
815	357000	rap	0.09 3916		1
816	313000	fus	0.07 6144		1
816	313000	rap	0.08 3732		1
817	56000	rap	0.00 1564		1
817	56000	fus	0.01 2140	1	
818	851000	fus	0.20 14540	1	
818	851000	rap	0.30 7884		1
819	315000	rap	0.07 3752		1
819	315000	fus	0.07 6212	1	
820	537000	fus	0.14 9744	1	
820	537000	rap	0.16 5492		1
821	637000	fus	0.14 11240	1	
821	637000	rap	0.18 6236		1
822	499000	fus	0.12 8980	1	
822	499000	rap	0.15 5024		1
823	34000	fus	0.00 1844	1	
823	34000	rap	0.00 1464	1	
824	835000	fus	0.20 14332	1	
824	835000	rap	0.29 7752		1
825	168000	rap	0.03 2600	1	
825	168000	fus	0.03 3920	1	
826	921000	fus	0.21 15680	1	
826	921000	rap	0.34 8376		1
827	501000	fus	0.12 9084	1	
827	501000	rap	0.14 5100		1
828	645000	fus	0.16 11256	1	
828	645000	rap	0.22 6168		1
829	735000	fus	0.21 12772	1	
829	735000	rap	0.28 7000		1
830	38000	rap	0.00 1556		1
830	38000	fus	0.00 1848	1	
831	502000	fus	0.12 9100	1	
831	502000	rap	0.15 5052		1
832	860000	fus	0.20 14724	1	
832	860000	rap	0.30 7924		1
833	800000	fus	0.20 13736	1	
833	800000	rap	0.27 7512		1
834	610000	fus	0.15 10772	1	
834	610000	rap	0.18 6024		1
835	713000	fus	0.18 12392	1	
835	713000	rap	0.24 6804		1
836	950000	fus	0.28 16200	1	
836	950000	rap	0.42 8716		1
837	546000	fus	0.12 9820	1	
837	546000	rap	0.16 5528		1
838	683000	fus	0.16 11924	1	
838	683000	rap	0.21 6544		1
839	548000	fus	0.15 9804	1	
839	548000	rap	0.20 5524		1
840	110000	rap	0.02 2060		1
840	110000	fus	0.03 2956	1	
841	232000	fus	0.07 4904	1	
841	232000	rap	0.07 3076		1
842	627000	fus	0.19 11080	1	
842	627000	rap	0.24 6172		1
843	872000	fus	0.22 14860	1	
843	872000	rap	0.32 8020		1
844	411000	fus	0.10 7708		1
844	411000	rap	0.10 4340		1
845	832000	fus	0.20 14320	1	
845	832000	rap	0.30 7756		1
846	557000	fus	0.12 9940	1	
846	557000	rap	0.15 5480		1
847	616000	fus	0.14 10868	1	
847	616000	rap	0.18 6076		1
848	968000	fus	0.24 16364	1	
848	968000	rap	0.37 8796		1
849	478000	fus	0.11 8780	1	
849	478000	rap	0.13 5004		1
850	676000	fus	0.15 11828	1	
850	676000	rap	0.20 6564		1
851	689000	fus	0.16 12056	1	
851	689000	rap	0.22 6568		1
852	528000	fus	0.12 9560	1	
852	528000	rap	0.15 5332		1
853	210000	rap	0.04 2824		1
853	210000	fus	0.04 4520	1	
854	889000	fus	0.21 15212	1	
854	889000	rap	0.33 8208		1
855	609000	fus	0.17 10700	1	
855	609000	rap	0.21 5888		1
856	48000	fus	0.00 2024	1	
856	48000	rap	0.00 1572	1	
857	620000	fus	0.16 11044	1	
857	620000	rap	0.21 6024		1
858	438000	fus	0.11 8096	1	
858	438000	rap	0.13 4704		1
859	439000	fus	0.11 8128	1	
859	439000	rap	0.12 4700		1
860	901000	fus	0.23 15392	1	
860	901000	rap	0.33 8232		1
861	658000	fus	0.18 11536	1	
861	658000	rap	0.22 6332		1
862	824000	fus	0.22 14156	1	
862	824000	rap	0.30 7568		1
863	78000	rap	0.01 1784	1	
863	78000	fus	0.02 2488	1	
864	734000	fus	0.17 12756	1	
864	734000	rap	0.24 6936		1
865	382000	fus	0.08 7204	1	
865	382000	rap	0.09 4248		1
866	231000	rap	0.05 3076		1
866	231000	fus	0.06 4864	1	
867	393000	fus	0.10 7408	1	
867	393000	rap	0.11 4308		1
868	45000	rap	0.00 1624	1	
868	45000	fus	0.00 1988	1	
869	824000	fus	0.20 14052	1	
869	824000	rap	0.30 7668		1
870	994000	fus	0.33 16808	1	
870	994000	rap	0.48 8968		1
871	158000	rap	0.03 2512		1
871	158000	fus	0.04 3756	1	
872	996000	fus	0.23 16880	1	
872	996000	rap	0.37 9024		1
873	242000	fus	0.06 5092	1	
873	242000	rap	0.06 3072		1
874	878000	fus	0.20 15036	1	
874	878000	rap	0.31 8124		1
875	910000	fus	0.22 15456	1	
875	910000	rap	0.33 8316		1
876	898000	fus	0.21 15308	1	
876	898000	rap	0.33 8300		1
877	753000	fus	0.18 13040	1	
877	753000	rap	0.24 7164		1
878	496000	fus	0.11 9068	1	
878	496000	rap	0.13 5072		1
879	465000	fus	0.11 8540	1	
879	465000	rap	0.13 4924		1
880	482000	fus	0.11 8852	1	
880	482000	rap	0.13 4952		1
881	380000	fus	0.08 7220	1	
881	380000	rap	0.09 4240		1
882	243000	rap	0.05 3100	1	
882	243000	fus	0.05 5112	1	
883	801000	fus	0.20 13872	1	
883	801000	rap	0.28 7460		1
884	377000	fus	0.08 7180	1	
884	377000	rap	0.09 4212		1
885	746000	fus	0.17 12844	1	
885	746000	rap	0.24 7032		1
886	882000	fus	0.20 15064	1	
886	882000	rap	0.31 8092		1
887	142000	rap	0.02 2344		1
887	142000	fus	0.03 3508	1	
888	855000	fus	0.21 14668	1	
888	855000	rap	0.31 7880		1
889	900000	fus	0.21 15352	1	
889	900000	rap	0.31 8316		1
890	320000	fus	0.07 6236		1
890	320000	rap	0.07 3776		1
891	25000	rap	0.00 1452	1	
891	25000	fus	0.00 1668	1	
892	122000	rap	0.02 2164		1
892	122000	fus	0.03 3116	1	
893	436000	fus	0.10 8100	1	
893	436000	rap	0.12 4532		1
894	521000	fus	0.12 9400	1	
894	521000	rap	0.15 5344		1
895	596000	fus	0.14 10600	1	
895	596000	rap	0.17 5948		1
896	221000	rap	0.05 2952		1
896	221000	fus	0.06 4768	1	
897	934000	fus	0.22 15880	1	
897	934000	rap	0.34 8520		1
898	376000	fus	0.10 7112	1	
898	376000	rap	0.10 4160		1
899	862000	fus	0.20 14704	1	
899	862000	rap	0.32 7924		1
900	232000	fus	0.04 4936	1	
900	232000	rap	0.06 3096		1
901	600000	fus	0.15 10608	1	
901	600000	rap	0.17 5924		1
902	222000	rap	0.04 2912	1	
902	222000	fus	0.04 4700	1	
903	442000	fus	0.10 8164	1	
903	442000	rap	0.12 4656		1
904	979000	fus	0.23 16540	1	
904	979000	rap	0.37 8856		1
905	122000	fus	0.03 3160		1
905	122000	rap	0.02 2156		1
906	30000	rap	0.00 1460	1	
906	30000	fus	0.00 1736	1	
907	648000	fus	0.22 11416	1	
907	648000	rap	0.27 6264		1
908	532000	fus	0.12 9668	1	
908	532000	rap	0.15 5440		1
909	982000	fus	0.22 16604	1	
909	982000	rap	0.37 8912		1
910	200000	fus	0.04 4308		1
910	200000	rap	0.04 2844		1
911	162000	rap	0.03 2516		1
911	162000	fus	0.03 3812	1	
912	655000	fus	0.16 11512	1	
912	655000	rap	0.20 6376		1
913	63000	rap	0.00 1696		1
913	63000	fus	0.01 2260	1	
914	23000	rap	0.00 1364	1	
914	23000	fus	0.00 1624	1	
915	921000	fus	0.21 15668	1	
915	921000	rap	0.33 8456		1
916	212000	fus	0.04 4604		1
916	212000	rap	0.04 2856		1
917	155000	rap	0.04 2448		1
917	155000	fus	0.04 3708	1	
918	218000	rap	0.04 2928	1	
918	218000	fus	0.05 4688	1	
919	154000	rap	0.03 2464		1
919	154000	fus	0.04 3648	1	
920	948000	fus	0.23 16124	1	
920	948000	rap	0.35 8700		1
921	397000	fus	0.13 7520	1	
921	397000	rap	0.14 4388		1
922	100000	rap	0.02 2076		1
922	100000	fus	0.02 2840	1	
923	310000	rap	0.09 3616		1
923	310000	fus	0.09 6080		1
924	89000	rap	0.01 1872		1
924	89000	fus	0.02 2632	1	
925	894000	fus	0.21 15284	1	
925	894000	rap	0.34 8268		1
926	204000	rap	0.04 2844		1
926	204000	fus	0.04 4460	1	
927	620000	fus	0.15 10952	1	
927	620000	rap	0.19 6044		1
928	307000	fus	0.07 6072		1
928	307000	rap	0.07 3580		1
929	432000	fus	0.10 8028	1	
929	432000	rap	0.12 4556		1
930	53000	rap	0.00 1648	1	
930	53000	fus	0.01 2088	1	
931	172000	rap	0.04 2576		1
931	172000	fus	0.04 3988	1	
932	259000	rap	0.05 3248	1	
932	259000	fus	0.04 5336	1	
933	6000	fus	0.00 1440	1	
933	6000	rap	0.00 1240	1	
934	128000	rap	0.02 2184		1
934	128000	fus	0.02 3260	1	
935	834000	fus	0.20 14316	1	
935	834000	rap	0.29 7700		1
936	860000	fus	0.21 14716	1	
936	860000	rap	0.30 8008		1
937	238000	rap	0.06 3040		1
937	238000	fus	0.06 4964		1
938	542000	fus	0.13 9756	1	
938	542000	rap	0.16 5500		1
939	550000	fus	0.13 9836	1	
939	550000	rap	0.16 5556		1
940	308000	fus	0.06 6080		1
940	308000	rap	0.07 3660		1
941	408000	fus	0.08 7648	1	
941	408000	rap	0.11 4444		1
942	834000	fus	0.20 14324	1	
942	834000	rap	0.29 7772		1
943	485000	fus	0.12 8764	1	
943	485000	rap	0.14 5060		1
944	640000	fus	0.14 11184	1	
944	640000	rap	0.20 6236		1
945	548000	fus	0.13 9820	1	
945	548000	rap	0.16 5540		1
946	75000	rap	0.01 1820		1
946	75000	fus	0.01 2460	1	
947	481000	fus	0.11 8700	1	
947	481000	rap	0.13 5048		1
948	917000	fus	0.22 15564	1	
948	917000	rap	0.37 8452		1
949	13000	rap	0.00 1380		1
949	13000	fus	0.00 1520		1
950	525000	fus	0.13 9464	1	
950	525000	rap	0.16 5308		1
951	495000	fus	0.11 8976	1	
951	495000	rap	0.14 5092		1
952	49000	rap	0.00 1608		1
952	49000	fus	0.00 2020	1	
953	402000	fus	0.08 7528	1	
953	402000	rap	0.10 4328		1
954	55000	rap	0.01 1684		1
954	55000	fus	0.01 2148	1	
955	560000	fus	0.17 10060	1	
955	560000	rap	0.20 5612		1
956	88000	rap	0.02 1972		1
956	88000	fus	0.02 2728	1	
957	0	rap	0.00 1260		1
957	0	fus	0.00 1268		1
958	748000	fus	0.17 12928	1	
958	748000	rap	0.24 7132		1
959	727000	fus	0.16 12624	1	
959	727000	rap	0.22 6916		1
960	431000	fus	0.10 8012	1	
960	431000	rap	0.11 4636		1
961	959000	fus	0.22 16268	1	
961	959000	rap	0.35 8776		1
962	904000	fus	0.21 15480	1	
962	904000	rap	0.32 8248		1
963	543000	fus	0.13 9760	1	
963	543000	rap	0.16 5524		1
964	583000	fus	0.14 10376	1	
964	583000	rap	0.17 5848		1
965	498000	fus	0.11 9068	1	
965	498000	rap	0.13 5188		1
966	393000	fus	0.08 7496	1	
966	393000	rap	0.10 4304		1
967	716000	fus	0.17 12428	1	
967	716000	rap	0.22 6824		1
968	2000	fus	0.00 1340	1	
968	2000	rap	0.00 1140	1	
969	697000	fus	0.16 12136	1	
969	697000	rap	0.22 6704		1
970	606000	fus	0.15 10784	1	
970	606000	rap	0.19 5936		1
971	719000	fus	0.16 12520	1	
971	719000	rap	0.23 6808		1
972	739000	fus	0.17 12832	1	
972	739000	rap	0.24 7036		1
973	924000	fus	0.21 15748	1	
973	924000	rap	0.33 8460		1
974	870000	fus	0.20 14876	1	
974	870000	rap	0.30 7932		1
975	810000	fus	0.20 13936	1	
975	810000	rap	0.28 7604		1
976	366000	fus	0.07 6976	1	
976	366000	rap	0.09 4140		1
977	586000	fus	0.13 10444	1	
977	586000	rap	0.17 5764		1
978	975000	fus	0.22 16556	1	
978	975000	rap	0.36 8884		1
979	477000	fus	0.11 8728	1	
979	477000	rap	0.12 4964		1
980	97000	rap	0.01 1944		1
980	97000	fus	0.02 2752	1	
981	515000	fus	0.11 9304	1	
981	515000	rap	0.14 5148		1
982	874000	fus	0.20 14968	1	
982	874000	rap	0.30 8100		1
983	630000	fus	0.15 11076	1	
983	630000	rap	0.19 6212		1
984	57000	rap	0.00 1732		1
984	57000	fus	0.01 2132	1	
985	799000	fus	0.18 13764	1	
985	799000	rap	0.28 7428		1
986	670000	fus	0.15 11788	1	
986	670000	rap	0.20 6420		1
987	66000	rap	0.01 1792		1
987	66000	fus	0.01 2268	1	
988	688000	fus	0.17 12028	1	
988	688000	rap	0.22 6580		1
989	408000	fus	0.11 7616	1	
989	408000	rap	0.14 4392		1
990	820000	fus	0.19 14084	1	
990	820000	rap	0.28 7592		1
991	971000	fus	0.33 16356	1	
991	971000	rap	0.47 8876		1
992	239000	rap	0.04 3064	1	
992	239000	fus	0.05 4988	1	
993	483000	fus	0.11 8860	1	
993	483000	rap	0.13 5044		1
994	789000	fus	0.24 13604	1	
994	789000	rap	0.31 7348		1
995	958000	fus	0.23 16216	1	
995	958000	rap	0.36 8764		1
996	139000	rap	0.02 2336		1
996	139000	fus	0.02 3408	1	
997	976000	fus	0.24 16572	1	
997	976000	rap	0.40 8924		1
998	910000	fus	0.22 15404	1	
998	910000	rap	0.34 8320		1
999	79000	rap	0.01 1804		1
999	79000	fus	0.01 2476	1	
1000	420000	fus	0.10 7744	1	
1000	420000	rap	0.11 4508		1
