test	taille	exe	exectime	memory	mmm
1	15933	ins	0.00 1388			1
1	15933	fus	0.00 1544	1		
1	15933	rap	0.53 2412		1	
2	12818	fus	0.00 1492	1		
2	12818	ins	0.00 1384	1		
2	12818	rap	0.34 2176		1	
3	17368	fus	0.00 1544	1		
3	17368	ins	0.00 1364			1
3	17368	rap	0.62 2452		1	
4	7432	fus	0.00 1300			
4	7432	ins	0.00 1292			
4	7432	rap	0.12 1700		1	
5	31068	ins	0.00 1528	1		
5	31068	fus	0.00 1808	1		
5	31068	rap	1.97 3432		1	
6	13102	fus	0.00 1560	1		
6	13102	ins	0.00 1384			1
6	13102	rap	0.36 2092		1	
7	9309	fus	0.00 1404	1		
7	9309	ins	0.00 1252	1		
7	9309	rap	0.18 1908		1	
8	22927	ins	0.00 1440			1
8	22927	fus	0.00 1680	1		
8	22927	rap	1.10 2876		1	
9	30494	ins	0.00 1464			1
9	30494	fus	0.00 1664	1		
9	30494	rap	1.93 3400		1	
10	28456	fus	0.00 1716	1		
10	28456	ins	0.00 1400			1
10	28456	rap	1.65 3252		1	
11	18147	ins	0.00 1368			1
11	18147	fus	0.00 1552	1		
11	18147	rap	0.68 2560		1	
12	29818	ins	0.00 1532	1		
12	29818	fus	0.00 1708	1		
12	29818	rap	1.88 3296		1	
13	11954	fus	0.00 1444			1
13	11954	ins	0.00 1340			1
13	11954	rap	0.29 2036		1	
14	13457	ins	0.00 1304	1		
14	13457	fus	0.00 1520	1		
14	13457	rap	0.38 2192		1	
15	20888	fus	0.00 1584	1		
15	20888	ins	0.00 1292	1		
15	20888	rap	0.89 2744		1	
16	26229	fus	0.00 1668	1		
16	26229	ins	0.00 1388			1
16	26229	rap	1.41 3112		1	
17	6483	fus	0.00 1384	1		
17	6483	ins	0.00 1224	1		
17	6483	rap	0.08 1624		1	
18	13120	ins	0.00 1352			1
18	13120	fus	0.00 1480	1		
18	13120	rap	0.36 2180		1	
19	28188	fus	0.00 1676	1		
19	28188	ins	0.00 1400			1
19	28188	rap	1.63 3268		1	
20	1600	fus	0.00 1332	1		
20	1600	rap	0.00 1292			1
20	1600	ins	0.00 1140			1
21	23354	fus	0.00 1608	1		
21	23354	ins	0.00 1380	1		
21	23354	rap	1.14 2868		1	
22	23055	ins	0.00 1380			1
22	23055	fus	0.00 1636	1		
22	23055	rap	1.09 2848		1	
23	7416	fus	0.00 1344	1		
23	7416	ins	0.00 1316	1		
23	7416	rap	0.11 1712		1	
24	29373	ins	0.00 1408			1
24	29373	fus	0.00 1820	1		
24	29373	rap	1.76 3360		1	
25	32148	ins	0.00 1500			1
25	32148	fus	0.00 1792	1		
25	32148	rap	2.13 3528		1	
26	10048	fus	0.00 1416	1		
26	10048	ins	0.00 1348	1		
26	10048	rap	0.21 1988		1	
27	24157	ins	0.00 1372			1
27	24157	fus	0.00 1672	1		
27	24157	rap	1.20 2980		1	
28	21646	ins	0.00 1348	1		
28	21646	fus	0.00 1652	1		
28	21646	rap	0.96 2792		1	
29	24652	ins	0.00 1492			1
29	24652	fus	0.00 1576	1		
29	24652	rap	1.24 2912		1	
30	9433	ins	0.00 1300	1		
30	9433	fus	0.00 1440	1		
30	9433	rap	0.18 1920		1	
31	9293	fus	0.00 1328	1		
31	9293	ins	0.00 1368			1
31	9293	rap	0.18 1776		1	
32	20282	ins	0.00 1412			1
32	20282	fus	0.00 1604	1		
32	20282	rap	0.84 2552		1	
33	1075	ins	0.00 1208	1		
33	1075	fus	0.00 1248	1		
33	1075	rap	0.00 1368		1	
34	20239	fus	0.00 1608			1
34	20239	ins	0.00 1416			1
34	20239	rap	0.84 2716		1	
35	27326	fus	0.00 1672	1		
35	27326	ins	0.00 1396			1
35	27326	rap	1.53 3208		1	
36	6704	fus	0.00 1348	1		
36	6704	ins	0.00 1252	1		
36	6704	rap	0.10 1596		1	
37	25754	ins	0.00 1464			1
37	25754	fus	0.00 1636	1		
37	25754	rap	1.36 3080		1	
38	26129	ins	0.00 1484			1
38	26129	fus	0.00 1692	1		
38	26129	rap	1.41 3104		1	
39	4536	fus	0.00 1356	1		
39	4536	ins	0.00 1324	1		
39	4536	rap	0.04 1496		1	
40	19075	fus	0.00 1540	1		
40	19075	ins	0.00 1332	1		
40	19075	rap	0.74 2540		1	
41	27790	fus	0.00 1724	1		
41	27790	ins	0.00 1420			1
41	27790	rap	1.58 3136		1	
42	3994	ins	0.00 1316	1		
42	3994	fus	0.00 1372	1		
42	3994	rap	0.03 1408		1	
43	30692	ins	0.00 1368	1		
43	30692	fus	0.00 1792	1		
43	30692	rap	1.94 3384		1	
44	16318	fus	0.00 1548			1
44	16318	ins	0.00 1312			1
44	16318	rap	0.55 2340		1	
45	31917	ins	0.00 1488			1
45	31917	fus	0.00 1792			1
45	31917	rap	2.09 3528		1	
46	335	ins	0.00 1232			1
46	335	fus	0.00 1296			1
46	335	rap	0.00 1268			1
47	14524	ins	0.00 1396	1		
47	14524	fus	0.00 1584	1		
47	14524	rap	0.44 2312		1	
48	31144	ins	0.00 1532			1
48	31144	fus	0.00 1808	1		
48	31144	rap	1.99 3380		1	
49	12351	fus	0.00 1476			1
49	12351	ins	0.00 1380			1
49	12351	rap	0.31 1988		1	
50	25582	ins	0.00 1452			
50	25582	fus	0.00 1712			
50	25582	rap	1.36 3028		1	
51	13564	fus	0.00 1464	1		
51	13564	ins	0.00 1400	1		
51	13564	rap	0.38 2220		1	
52	25958	ins	0.00 1456			1
52	25958	fus	0.00 1700	1		
52	25958	rap	1.38 3072		1	
53	12126	ins	0.00 1344	1		
53	12126	fus	0.00 1508	1		
53	12126	rap	0.30 2088		1	
54	30218	ins	0.00 1432			1
54	30218	fus	0.00 1708	1		
54	30218	rap	1.88 3388		1	
55	13563	fus	0.00 1468	1		
55	13563	ins	0.00 1288			1
55	13563	rap	0.37 2144		1	
56	31736	ins	0.00 1476			1
56	31736	fus	0.00 1784	1		
56	31736	rap	2.08 3480		1	
57	30756	ins	0.00 1472			1
57	30756	fus	0.00 1844	1		
57	30756	rap	1.94 3416		1	
58	24617	ins	0.00 1480	1		
58	24617	fus	0.00 1636	1		
58	24617	rap	1.24 2924		1	
59	22874	ins	0.00 1468			1
59	22874	fus	0.00 1616	1		
59	22874	rap	1.08 2784		1	
60	31003	ins	0.00 1428			1
60	31003	fus	0.00 1776	1		
60	31003	rap	1.97 3436		1	
61	556	rap	0.00 1300		1	
61	556	ins	0.00 1240		1	
61	556	fus	0.00 1264		1	
62	20798	fus	0.00 1564	1		
62	20798	ins	0.00 1444	1		
62	20798	rap	0.88 2744		1	
63	30758	fus	0.00 1804			1
63	30758	ins	0.00 1492			1
63	30758	rap	1.94 3292		1	
64	24723	ins	0.00 1320			1
64	24723	fus	0.00 1632	1		
64	24723	rap	1.25 3036		1	
65	4342	ins	0.00 1216	1		
65	4342	fus	0.00 1348	1		
65	4342	rap	0.04 1552		1	
66	23775	ins	0.00 1368			1
66	23775	fus	0.00 1688	1		
66	23775	rap	1.16 2796		1	
67	47	rap	0.00 1180			1
67	47	fus	0.00 1188			1
67	47	ins	0.00 1280			1
68	15354	fus	0.00 1528	1		
68	15354	ins	0.00 1316	1		
68	15354	rap	0.48 2252		1	
69	21623	ins	0.00 1404	1		
69	21623	fus	0.00 1576	1		
69	21623	rap	0.96 2808		1	
70	8608	fus	0.00 1388	1		
70	8608	ins	0.00 1304			1
70	8608	rap	0.15 1788		1	
71	25034	ins	0.00 1464	1		
71	25034	fus	0.00 1680	1		
71	25034	rap	1.28 3032		1	
72	22739	fus	0.00 1636	1		
72	22739	ins	0.00 1464	1		
72	22739	rap	1.07 2796		1	
73	15718	fus	0.00 1568			1
73	15718	ins	0.00 1408			1
73	15718	rap	0.51 2336		1	
74	14725	ins	0.00 1352	1		
74	14725	fus	0.00 1472	1		
74	14725	rap	0.44 2260		1	
75	2830	ins	0.00 1252	1		
75	2830	fus	0.00 1296	1		
75	2830	rap	0.02 1456		1	
76	7128	fus	0.00 1392	1		
76	7128	ins	0.00 1308			1
76	7128	rap	0.10 1672		1	
77	15044	fus	0.00 1420	1		
77	15044	ins	0.00 1316	1		
77	15044	rap	0.46 2304		1	
78	25577	fus	0.00 1588	1		
78	25577	ins	0.00 1464	1		
78	25577	rap	1.34 2972		1	
79	5189	ins	0.00 1304	1		
79	5189	fus	0.00 1340	1		
79	5189	rap	0.06 1660		1	
80	2473	fus	0.00 1296	1		
80	2473	ins	0.00 1252	1		
80	2473	rap	0.01 1352		1	
81	29287	fus	0.00 1696	1		
81	29287	ins	0.00 1468			1
81	29287	rap	1.76 3296		1	
82	3917	fus	0.00 1372	1		
82	3917	ins	0.00 1256			1
82	3917	rap	0.03 1468		1	
83	25068	ins	0.00 1476			1
83	25068	fus	0.00 1684	1		
83	25068	rap	1.28 3048		1	
84	1807	fus	0.00 1332	1		
84	1807	ins	0.00 1192	1		
84	1807	rap	0.00 1296		1	
85	16123	ins	0.00 1304			1
85	16123	fus	0.00 1536	1		
85	16123	rap	0.54 2380		1	
86	7353	ins	0.00 1292	1		
86	7353	fus	0.00 1400	1		
86	7353	rap	0.11 1780		1	
87	24796	ins	0.00 1380			1
87	24796	fus	0.00 1624	1		
87	24796	rap	1.26 3028		1	
88	23421	ins	0.00 1456			1
88	23421	fus	0.00 1620	1		
88	23421	rap	1.13 2896		1	
89	6037	fus	0.00 1348	1		
89	6037	ins	0.00 1232	1		
89	6037	rap	0.07 1672		1	
90	24858	fus	0.00 1744			1
90	24858	ins	0.00 1380			1
90	24858	rap	1.27 2980		1	
91	13175	ins	0.00 1376			1
91	13175	fus	0.00 1484	1		
91	13175	rap	0.36 2108		1	
92	30603	fus	0.00 1740	1		
92	30603	ins	0.00 1508			1
92	30603	rap	1.95 3408		1	
93	9026	fus	0.00 1396			1
93	9026	ins	0.00 1344			1
93	9026	rap	0.16 1804		1	
94	362	fus	0.00 1284		1	
94	362	rap	0.00 1308		1	
94	362	ins	0.00 1300		1	
95	2108	ins	0.00 1196	1		
95	2108	fus	0.00 1292	1		
95	2108	rap	0.00 1424		1	
96	26886	ins	0.00 1492	1		
96	26886	fus	0.00 1712	1		
96	26886	rap	1.48 3184		1	
97	24107	ins	0.00 1444			1
97	24107	fus	0.00 1656			1
97	24107	rap	1.20 2992		1	
98	2047	ins	0.00 1216	1		
98	2047	fus	0.00 1348	1		
98	2047	rap	0.00 1316		1	
99	20847	ins	0.00 1448			1
99	20847	fus	0.00 1600	1		
99	20847	rap	0.89 2744		1	
100	1676	fus	0.00 1336	1		
100	1676	ins	0.00 1212	1		
100	1676	rap	0.00 1376		1	
101	1812	ins	0.00 1212	1		
101	1812	fus	0.00 1336	1		
101	1812	rap	0.00 1304		1	
102	30469	ins	0.00 1496			1
102	30469	fus	0.00 1660	1		
102	30469	rap	1.93 3336		1	
103	13234	fus	0.00 1464	1		
103	13234	ins	0.00 1384			1
103	13234	rap	0.36 2200		1	
104	7737	ins	0.00 1240	1		
104	7737	fus	0.00 1436	1		
104	7737	rap	0.13 1836		1	
105	26533	fus	0.00 1724			1
105	26533	ins	0.00 1484			1
105	26533	rap	1.47 3144		1	
106	23591	ins	0.00 1472	1		
106	23591	fus	0.00 1560	1		
106	23591	rap	1.13 2836		1	
107	15719	ins	0.00 1412			1
107	15719	fus	0.00 1552	1		
107	15719	rap	0.50 2304		1	
108	4633	ins	0.00 1316	1		
108	4633	fus	0.00 1428	1		
108	4633	rap	0.04 1580		1	
109	25859	ins	0.00 1388	1		
109	25859	fus	0.00 1680	1		
109	25859	rap	1.37 3016		1	
110	19521	ins	0.00 1452			1
110	19521	fus	0.00 1592	1		
110	19521	rap	0.78 2572		1	
111	24983	ins	0.00 1444	1		
111	24983	fus	0.00 1696	1		
111	24983	rap	1.28 3024		1	
112	19413	ins	0.00 1416			1
112	19413	fus	0.00 1592			1
112	19413	rap	0.76 2544		1	
113	24529	ins	0.00 1456			1
113	24529	fus	0.00 1620	1		
113	24529	rap	1.22 3008		1	
114	26459	ins	0.00 1432	1		
114	26459	fus	0.00 1700	1		
114	26459	rap	1.42 3128		1	
115	25916	ins	0.00 1400			1
115	25916	fus	0.00 1640	1		
115	25916	rap	1.37 3020		1	
116	6129	ins	0.00 1344	1		
116	6129	fus	0.00 1332	1		
116	6129	rap	0.08 1712		1	
117	8047	fus	0.00 1380	1		
117	8047	ins	0.00 1348			1
117	8047	rap	0.14 1860		1	
118	22687	fus	0.00 1636	1		
118	22687	ins	0.00 1468			1
118	22687	rap	1.05 2824		1	
119	26446	fus	0.00 1596	1		
119	26446	ins	0.00 1432	1		
119	26446	rap	1.44 3112		1	
120	369	ins	0.00 1180	1		
120	369	rap	0.00 1188	1		
120	369	fus	0.00 1240	1		
121	21539	ins	0.00 1356			1
121	21539	fus	0.00 1628	1		
121	21539	rap	0.95 2804		1	
122	27721	ins	0.00 1416			1
122	27721	fus	0.00 1676	1		
122	27721	rap	1.58 3208		1	
123	26379	fus	0.00 1652	1		
123	26379	ins	0.00 1384	1		
123	26379	rap	1.42 3132		1	
124	15017	fus	0.00 1512	1		
124	15017	ins	0.00 1352			1
124	15017	rap	0.46 2332		1	
125	2732	fus	0.00 1280	1		
125	2732	ins	0.00 1200			1
125	2732	rap	0.01 1384		1	
126	30448	fus	0.00 1800	1		
126	30448	ins	0.00 1420	1		
126	30448	rap	1.89 3404		1	
127	17463	fus	0.00 1460			1
127	17463	ins	0.00 1324			1
127	17463	rap	0.63 2424		1	
128	17642	ins	0.00 1392	1		
128	17642	fus	0.00 1520	1		
128	17642	rap	0.64 2440		1	
129	6368	ins	0.00 1248	1		
129	6368	fus	0.00 1280	1		
129	6368	rap	0.08 1620		1	
130	23732	fus	0.00 1656	1		
130	23732	ins	0.00 1440	1		
130	23732	rap	1.16 2952		1	
131	28213	ins	0.00 1476	1		
131	28213	fus	0.00 1688	1		
131	28213	rap	1.64 3268		1	
132	32280	ins	0.00 1536	1		
132	32280	fus	0.00 1784	1		
132	32280	rap	2.14 3452		1	
133	6738	ins	0.00 1232	1		
133	6738	fus	0.00 1396	1		
133	6738	rap	0.09 1720		1	
134	22241	ins	0.00 1304			1
134	22241	fus	0.00 1624			1
134	22241	rap	1.02 2760		1	
135	7336	ins	0.00 1184			1
135	7336	fus	0.00 1296			1
135	7336	rap	0.11 1784		1	
136	294	ins	0.00 1236	1		
136	294	rap	0.00 1200	1		
136	294	fus	0.00 1272	1		
137	12367	ins	0.00 1368			1
137	12367	fus	0.00 1512	1		
137	12367	rap	0.31 2104		1	
138	23405	ins	0.00 1468	1		
138	23405	fus	0.00 1600	1		
138	23405	rap	1.13 2900		1	
139	4017	ins	0.00 1312	1		
139	4017	fus	0.00 1340	1		
139	4017	rap	0.04 1508		1	
140	2493	ins	0.00 1300	1		
140	2493	fus	0.00 1276	1		
140	2493	rap	0.01 1468		1	
141	11124	ins	0.00 1268	1		
141	11124	fus	0.00 1424	1		
141	11124	rap	0.25 2044		1	
142	7789	fus	0.00 1408	1		
142	7789	ins	0.00 1288			1
142	7789	rap	0.12 1816		1	
143	19256	fus	0.00 1596	1		
143	19256	ins	0.00 1404			1
143	19256	rap	0.76 2616		1	
144	4277	ins	0.00 1224			1
144	4277	fus	0.00 1348	1		
144	4277	rap	0.04 1492		1	
145	10945	ins	0.00 1284			1
145	10945	fus	0.00 1436	1		
145	10945	rap	0.24 2048		1	
146	3575	fus	0.00 1296	1		
146	3575	ins	0.00 1312	1		
146	3575	rap	0.02 1528		1	
147	11770	ins	0.00 1372	1		
147	11770	fus	0.00 1424	1		
147	11770	rap	0.29 2024		1	
148	7628	ins	0.00 1312	1		
148	7628	fus	0.00 1356	1		
148	7628	rap	0.12 1788		1	
149	28500	ins	0.00 1512	1		
149	28500	fus	0.00 1760	1		
149	28500	rap	1.67 3272		1	
150	17772	ins	0.00 1336			1
150	17772	fus	0.00 1560	1		
150	17772	rap	0.64 2484		1	
151	23654	fus	0.00 1556	1		
151	23654	ins	0.00 1444	1		
151	23654	rap	1.16 2900		1	
152	20193	fus	0.00 1556	1		
152	20193	ins	0.00 1344			1
152	20193	rap	0.83 2708		1	
153	25085	ins	0.00 1476			1
153	25085	fus	0.00 1676			1
153	25085	rap	1.30 3016		1	
154	25712	fus	0.00 1588	1		
154	25712	ins	0.00 1384			1
154	25712	rap	1.35 3080		1	
155	11348	fus	0.00 1532			1
155	11348	ins	0.00 1264			1
155	11348	rap	0.27 2020		1	
156	4389	ins	0.00 1264	1		
156	4389	fus	0.00 1380	1		
156	4389	rap	0.04 1432		1	
157	24180	fus	0.00 1620	1		
157	24180	ins	0.00 1468	1		
157	24180	rap	1.21 2980		1	
158	22710	ins	0.00 1304			1
158	22710	fus	0.00 1672	1		
158	22710	rap	1.06 2884		1	
159	19785	ins	0.00 1356			1
159	19785	fus	0.00 1548			1
159	19785	rap	0.80 2564		1	
160	5977	ins	0.00 1172	1		
160	5977	fus	0.00 1372	1		
160	5977	rap	0.07 1592		1	
161	2315	ins	0.00 1272			1
161	2315	fus	0.00 1328			1
161	2315	rap	0.01 1424		1	
162	3510	fus	0.00 1344			
162	3510	ins	0.00 1308			
162	3510	rap	0.02 1428		1	
163	30393	ins	0.00 1520			1
163	30393	fus	0.00 1716	1		
163	30393	rap	1.91 3312		1	
164	2548	ins	0.00 1308			1
164	2548	fus	0.00 1348			1
164	2548	rap	0.01 1456		1	
165	17285	fus	0.00 1512			1
165	17285	ins	0.00 1420			1
165	17285	rap	0.61 2500		1	
166	2447	ins	0.00 1316			1
166	2447	fus	0.00 1396			1
166	2447	rap	0.01 1348		1	
167	11929	ins	0.00 1364			1
167	11929	fus	0.00 1368	1		
167	11929	rap	0.29 2012		1	
168	322	rap	0.00 1268			
168	322	fus	0.00 1312			
168	322	ins	0.00 1280			
169	21061	ins	0.00 1404	1		
169	21061	fus	0.00 1620	1		
169	21061	rap	0.91 2764		1	
170	1989	ins	0.00 1196			1
170	1989	fus	0.00 1316			1
170	1989	rap	0.00 1392		1	
171	19304	ins	0.00 1384			1
171	19304	fus	0.00 1616	1		
171	19304	rap	0.75 2592		1	
172	19545	fus	0.00 1668	1		
172	19545	ins	0.00 1412	1		
172	19545	rap	0.78 2648		1	
173	1149	ins	0.00 1240			1
173	1149	rap	0.00 1332		1	
173	1149	fus	0.00 1372		1	
174	27511	ins	0.00 1392	1		
174	27511	fus	0.00 1720	1		
174	27511	rap	1.55 3196		1	
175	1074	fus	0.00 1324			1
175	1074	rap	0.00 1360		1	
175	1074	ins	0.00 1188		1	
176	16399	ins	0.00 1312	1		
176	16399	fus	0.00 1532	1		
176	16399	rap	0.55 2436		1	
177	18174	fus	0.00 1576	1		
177	18174	ins	0.00 1268	1		
177	18174	rap	0.67 2504		1	
178	4999	ins	0.00 1224	1		
178	4999	fus	0.00 1332	1		
178	4999	rap	0.05 1548		1	
179	18575	ins	0.00 1384			1
179	18575	fus	0.00 1564	1		
179	18575	rap	0.71 2484		1	
180	31424	fus	0.00 1732	1		
180	31424	ins	0.00 1444			1
180	31424	rap	2.02 3480		1	
181	368	fus	0.00 1216		1	
181	368	rap	0.00 1280		1	
181	368	ins	0.00 1180		1	
182	887	fus	0.00 1328			1
182	887	ins	0.00 1264			1
182	887	rap	0.00 1344		1	
183	20777	ins	0.00 1436			1
183	20777	fus	0.00 1604	1		
183	20777	rap	0.88 2740		1	
184	30502	ins	0.00 1512			1
184	30502	fus	0.00 1760	1		
184	30502	rap	1.91 3272		1	
185	6481	fus	0.00 1384	1		
185	6481	ins	0.00 1244	1		
185	6481	rap	0.09 1708		1	
186	15362	fus	0.00 1520	1		
186	15362	ins	0.00 1376			1
186	15362	rap	0.48 2328		1	
187	713	fus	0.00 1328		1	
187	713	ins	0.00 1292		1	
187	713	rap	0.00 1340		1	
188	7149	ins	0.00 1312			1
188	7149	fus	0.00 1392	1		
188	7149	rap	0.11 1676		1	
189	9116	ins	0.00 1300	1		
189	9116	fus	0.00 1412	1		
189	9116	rap	0.17 1900		1	
190	5635	fus	0.00 1328	1		
190	5635	ins	0.00 1272	1		
190	5635	rap	0.06 1628		1	
191	21106	fus	0.00 1652	1		
191	21106	ins	0.00 1368	1		
191	21106	rap	0.95 2684		1	
192	31873	ins	0.00 1436			1
192	31873	fus	0.00 1792	1		
192	31873	rap	2.08 3436		1	
193	15150	ins	0.00 1380			1
193	15150	fus	0.00 1520	1		
193	15150	rap	0.47 2348		1	
194	29169	ins	0.00 1508			1
194	29169	fus	0.00 1808	1		
194	29169	rap	1.74 3224		1	
195	23756	fus	0.00 1660	1		
195	23756	ins	0.00 1416			1
195	23756	rap	1.15 2956		1	
196	5644	ins	0.00 1280	1		
196	5644	fus	0.00 1372	1		
196	5644	rap	0.07 1596		1	
197	12164	ins	0.00 1352			1
197	12164	fus	0.00 1476	1		
197	12164	rap	0.30 2040		1	
198	13176	ins	0.00 1384	1		
198	13176	fus	0.00 1528	1		
198	13176	rap	0.36 2104		1	
199	26546	ins	0.00 1504			1
199	26546	fus	0.00 1696	1		
199	26546	rap	1.50 3160		1	
200	6354	ins	0.00 1308			1
200	6354	fus	0.00 1368	1		
200	6354	rap	0.08 1700		1	
201	17632	ins	0.00 1340			1
201	17632	fus	0.00 1464	1		
201	17632	rap	0.64 2436		1	
202	28309	ins	0.00 1504			1
202	28309	fus	0.00 1804	1		
202	28309	rap	1.66 3252		1	
203	5842	ins	0.00 1300	1		
203	5842	fus	0.00 1344	1		
203	5842	rap	0.07 1580		1	
204	21447	ins	0.00 1348			1
204	21447	fus	0.00 1592	1		
204	21447	rap	0.95 2732		1	
205	26259	ins	0.00 1472			1
205	26259	fus	0.00 1696	1		
205	26259	rap	1.41 3084		1	
206	29458	ins	0.00 1516	1		
206	29458	fus	0.00 1716	1		
206	29458	rap	1.78 3340		1	
207	21049	fus	0.00 1644	1		
207	21049	ins	0.00 1432	1		
207	21049	rap	0.91 2676		1	
208	26030	ins	0.00 1468			1
208	26030	fus	0.00 1720	1		
208	26030	rap	1.39 3024		1	
209	24721	ins	0.00 1480			1
209	24721	fus	0.00 1576	1		
209	24721	rap	1.24 3028		1	
210	3459	fus	0.00 1344	1		
210	3459	ins	0.00 1300			1
210	3459	rap	0.02 1468		1	
211	15353	ins	0.00 1296			1
211	15353	fus	0.00 1476	1		
211	15353	rap	0.48 2364		1	
212	7427	fus	0.00 1300	1		
212	7427	ins	0.00 1352	1		
212	7427	rap	0.11 1796		1	
213	28079	fus	0.00 1752	1		
213	28079	ins	0.00 1400	1		
213	28079	rap	1.61 3228		1	
214	15590	fus	0.00 1596	1		
214	15590	ins	0.00 1296	1		
214	15590	rap	0.50 2348		1	
215	21536	ins	0.00 1352	1		
215	21536	fus	0.00 1524	1		
215	21536	rap	0.96 2696		1	
216	20201	fus	0.00 1500	1		
216	20201	ins	0.00 1288	1		
216	20201	rap	0.84 2684		1	
217	24401	ins	0.00 1376	1		
217	24401	fus	0.00 1564	1		
217	24401	rap	1.22 2840		1	
218	28987	ins	0.00 1356	1		
218	28987	fus	0.00 1724	1		
218	28987	rap	1.71 3312		1	
219	32187	fus	0.00 1756			1
219	32187	ins	0.00 1448			1
219	32187	rap	2.13 3388		1	
220	10724	ins	0.00 1260			1
220	10724	fus	0.00 1448			1
220	10724	rap	0.24 2016		1	
221	30166	fus	0.00 1724	1		
221	30166	ins	0.00 1508			1
221	30166	rap	1.86 3348		1	
222	569	ins	0.00 1180		1	
222	569	fus	0.00 1192		1	
222	569	rap	0.00 1220		1	
223	8611	ins	0.00 1196	1		
223	8611	fus	0.00 1416	1		
223	8611	rap	0.15 1860		1	
224	31984	ins	0.00 1548			1
224	31984	fus	0.00 1740	1		
224	31984	rap	2.10 3520		1	
225	11331	ins	0.00 1376	1		
225	11331	fus	0.00 1488	1		
225	11331	rap	0.28 1972		1	
226	11231	fus	0.00 1456	1		
226	11231	ins	0.00 1284			1
226	11231	rap	0.26 2040		1	
227	31826	fus	0.00 1808	1		
227	31826	ins	0.00 1500	1		
227	31826	rap	2.07 3512		1	
228	11362	fus	0.00 1408	1		
228	11362	ins	0.00 1352	1		
228	11362	rap	0.26 1976		1	
229	2739	ins	0.00 1196	1		
229	2739	fus	0.00 1336	1		
229	2739	rap	0.02 1452		1	
230	13106	ins	0.00 1336	1		
230	13106	fus	0.00 1444	1		
230	13106	rap	0.36 2044		1	
231	19525	fus	0.00 1552			1
231	19525	ins	0.00 1392			1
231	19525	rap	0.78 2660		1	
232	27218	ins	0.00 1344			1
232	27218	fus	0.00 1704	1		
232	27218	rap	1.52 3148		1	
233	25177	ins	0.00 1400			1
233	25177	fus	0.00 1668	1		
233	25177	rap	1.30 2968		1	
234	361	rap	0.00 1312	1		
234	361	ins	0.00 1188	1		
234	361	fus	0.00 1284	1		
235	22654	ins	0.00 1380	1		
235	22654	fus	0.00 1592	1		
235	22654	rap	1.05 2876		1	
236	28215	fus	0.00 1736			1
236	28215	ins	0.00 1476			1
236	28215	rap	1.62 3168		1	
237	11195	fus	0.00 1496	1		
237	11195	ins	0.00 1324	1		
237	11195	rap	0.26 1968		1	
238	8384	ins	0.00 1300			1
238	8384	fus	0.00 1448			1
238	8384	rap	0.16 1864		1	
239	15808	fus	0.00 1524	1		
239	15808	ins	0.00 1412			1
239	15808	rap	0.51 2392		1	
240	22128	ins	0.00 1448			1
240	22128	fus	0.00 1644	1		
240	22128	rap	1.00 2852		1	
241	31324	ins	0.00 1424			1
241	31324	fus	0.00 1724	1		
241	31324	rap	2.02 3400		1	
242	30025	ins	0.00 1436			1
242	30025	fus	0.00 1784	1		
242	30025	rap	1.85 3236		1	
243	26754	ins	0.00 1412			1
243	26754	fus	0.00 1732	1		
243	26754	rap	1.48 3176		1	
244	23180	ins	0.00 1360			1
244	23180	fus	0.00 1548	1		
244	23180	rap	1.09 2924		1	
245	15867	fus	0.00 1560	1		
245	15867	ins	0.00 1300			1
245	15867	rap	0.52 2292		1	
246	28019	ins	0.00 1492			1
246	28019	fus	0.00 1796	1		
246	28019	rap	1.61 3204		1	
247	16459	fus	0.00 1508	1		
247	16459	ins	0.00 1384	1		
247	16459	rap	0.56 2388		1	
248	15374	fus	0.00 1532	1		
248	15374	ins	0.00 1248	1		
248	15374	rap	0.49 2348		1	
249	28216	ins	0.00 1480			1
249	28216	fus	0.00 1704	1		
249	28216	rap	1.63 3176		1	
250	20126	fus	0.00 1604	1		
250	20126	ins	0.00 1416	1		
250	20126	rap	0.82 2684		1	
251	14874	ins	0.00 1372	1		
251	14874	fus	0.00 1464	1		
251	14874	rap	0.46 2168		1	
252	23088	ins	0.00 1448			1
252	23088	fus	0.00 1600	1		
252	23088	rap	1.09 2860		1	
253	17763	ins	0.00 1404			1
253	17763	fus	0.00 1532			1
253	17763	rap	0.65 2420		1	
254	5678	fus	0.00 1324	1		
254	5678	ins	0.00 1280	1		
254	5678	rap	0.07 1676		1	
255	27094	ins	0.00 1492			1
255	27094	fus	0.00 1656	1		
255	27094	rap	1.52 3100		1	
256	9383	fus	0.00 1504	1		
256	9383	ins	0.00 1252	1		
256	9383	rap	0.18 1784		1	
257	6807	fus	0.00 1360	1		
257	6807	ins	0.00 1316	1		
257	6807	rap	0.09 1756		1	
258	637	fus	0.00 1300		1	
258	637	ins	0.00 1200		1	
258	637	rap	0.00 1296		1	
259	11116	ins	0.00 1264			1
259	11116	fus	0.00 1428			1
259	11116	rap	0.25 1976		1	
260	3691	fus	0.00 1348			1
260	3691	ins	0.00 1280			1
260	3691	rap	0.02 1436		1	
261	23022	ins	0.00 1464			1
261	23022	fus	0.00 1616	1		
261	23022	rap	1.08 2844		1	
262	23663	fus	0.00 1684	1		
262	23663	ins	0.00 1388			1
262	23663	rap	1.14 2840		1	
263	22665	fus	0.00 1712	1		
263	22665	ins	0.00 1428	1		
263	22665	rap	1.05 2792		1	
264	13624	fus	0.00 1392	1		
264	13624	ins	0.00 1356	1		
264	13624	rap	0.38 2184		1	
265	3373	ins	0.00 1304	1		
265	3373	fus	0.00 1232	1		
265	3373	rap	0.02 1416		1	
266	10906	ins	0.00 1312	1		
266	10906	fus	0.00 1412	1		
266	10906	rap	0.24 1940		1	
267	9362	ins	0.00 1296			1
267	9362	fus	0.00 1404	1		
267	9362	rap	0.18 1888		1	
268	13996	fus	0.00 1536			1
268	13996	ins	0.00 1236			1
268	13996	rap	0.40 2212		1	
269	8775	ins	0.00 1268	1		
269	8775	fus	0.00 1492	1		
269	8775	rap	0.16 1796		1	
270	13411	fus	0.00 1500			1
270	13411	ins	0.00 1356			1
270	13411	rap	0.36 2140		1	
271	30785	fus	0.00 1740	1		
271	30785	ins	0.00 1504	1		
271	30785	rap	1.96 3420		1	
272	7136	ins	0.00 1304	1		
272	7136	fus	0.00 1348	1		
272	7136	rap	0.10 1752		1	
273	11629	ins	0.00 1360	1		
273	11629	fus	0.00 1460	1		
273	11629	rap	0.28 2092		1	
274	100	rap	0.00 1268		1	
274	100	fus	0.00 1272		1	
274	100	ins	0.00 1184		1	
275	19583	ins	0.00 1452			1
275	19583	fus	0.00 1588	1		
275	19583	rap	0.79 2556		1	
276	21132	fus	0.00 1600	1		
276	21132	ins	0.00 1452			1
276	21132	rap	0.92 2772		1	
277	3453	ins	0.00 1300	1		
277	3453	fus	0.00 1344	1		
277	3453	rap	0.02 1420		1	
278	17319	fus	0.00 1592	1		
278	17319	ins	0.00 1312	1		
278	17319	rap	0.62 2512		1	
279	13069	fus	0.00 1476	1		
279	13069	ins	0.00 1336			1
279	13069	rap	0.36 2192		1	
280	30789	ins	0.00 1428			1
280	30789	fus	0.00 1764	1		
280	30789	rap	1.94 3420		1	
281	8535	ins	0.00 1348	1		
281	8535	fus	0.00 1312	1		
281	8535	rap	0.15 1852		1	
282	32134	ins	0.00 1508			1
282	32134	fus	0.00 1860	1		
282	32134	rap	2.12 3512		1	
283	16494	fus	0.00 1548	1		
283	16494	ins	0.00 1392	1		
283	16494	rap	0.58 2340		1	
284	6532	ins	0.00 1248			1
284	6532	fus	0.00 1460			1
284	6532	rap	0.08 1712		1	
285	31437	ins	0.00 1512			1
285	31437	fus	0.00 1812	1		
285	31437	rap	2.02 3436		1	
286	29194	ins	0.00 1488	1		
286	29194	fus	0.00 1720	1		
286	29194	rap	1.76 3236		1	
287	8764	ins	0.00 1324			1
287	8764	fus	0.00 1376	1		
287	8764	rap	0.16 1788		1	
288	14670	ins	0.00 1364	1		
288	14670	fus	0.00 1412	1		
288	14670	rap	0.44 2316		1	
289	21631	ins	0.00 1372	1		
289	21631	fus	0.00 1524	1		
289	21631	rap	0.96 2800		1	
290	31971	ins	0.00 1532			1
290	31971	fus	0.00 1732	1		
290	31971	rap	2.09 3424		1	
291	25883	ins	0.00 1492			1
291	25883	fus	0.00 1720	1		
291	25883	rap	1.37 3016		1	
292	7055	ins	0.00 1308	1		
292	7055	fus	0.00 1396	1		
292	7055	rap	0.10 1692		1	
293	26759	fus	0.00 1744	1		
293	26759	ins	0.00 1396	1		
293	26759	rap	1.46 3160		1	
294	11448	ins	0.00 1372			1
294	11448	fus	0.00 1452			1
294	11448	rap	0.27 2088		1	
295	15879	ins	0.00 1408			1
295	15879	fus	0.00 1504	1		
295	15879	rap	0.52 2408		1	
296	2533	ins	0.00 1200	1		
296	2533	fus	0.00 1276	1		
296	2533	rap	0.01 1472		1	
297	25534	fus	0.00 1584	1		
297	25534	ins	0.00 1428	1		
297	25534	rap	1.34 2968		1	
298	29560	ins	0.00 1528			1
298	29560	fus	0.00 1748	1		
298	29560	rap	1.78 3348		1	
299	7450	ins	0.00 1336	1		
299	7450	fus	0.00 1356	1		
299	7450	rap	0.11 1712		1	
300	24496	ins	0.00 1368			1
300	24496	fus	0.00 1672	1		
300	24496	rap	1.24 2900		1	
301	29150	ins	0.00 1452			1
301	29150	fus	0.00 1712	1		
301	29150	rap	1.75 3176		1	
302	28446	ins	0.00 1496			1
302	28446	fus	0.00 1704	1		
302	28446	rap	1.66 3252		1	
303	14127	fus	0.00 1460	1		
303	14127	ins	0.00 1396			1
303	14127	rap	0.41 2164		1	
304	8867	ins	0.00 1332			1
304	8867	fus	0.00 1392			1
304	8867	rap	0.16 1820		1	
305	10750	fus	0.00 1448	1		
305	10750	ins	0.00 1316			1
305	10750	rap	0.25 1928		1	
306	7996	ins	0.00 1296			1
306	7996	fus	0.00 1480	1		
306	7996	rap	0.13 1828		1	
307	30229	ins	0.00 1528	1		
307	30229	fus	0.00 1720	1		
307	30229	rap	1.87 3376		1	
308	12595	ins	0.00 1272	1		
308	12595	fus	0.00 1476	1		
308	12595	rap	0.32 2108		1	
309	13491	ins	0.00 1228			1
309	13491	fus	0.00 1488	1		
309	13491	rap	0.38 2140		1	
310	1216	fus	0.00 1292			1
310	1216	ins	0.00 1284			1
310	1216	rap	0.00 1276		1	
311	13942	ins	0.00 1396	1		
311	13942	fus	0.00 1456	1		
311	13942	rap	0.40 2228		1	
312	21098	fus	0.00 1616	1		
312	21098	ins	0.00 1344	1		
312	21098	rap	0.93 2660		1	
313	880	rap	0.00 1236			1
313	880	fus	0.00 1296		1	
313	880	ins	0.00 1132			1
314	21662	fus	0.00 1596	1		
314	21662	ins	0.00 1364	1		
314	21662	rap	0.97 2720		1	
315	2886	ins	0.00 1248	1		
315	2886	fus	0.00 1332	1		
315	2886	rap	0.02 1468		1	
316	23331	ins	0.00 1436			1
316	23331	fus	0.00 1648	1		
316	23331	rap	1.12 2824		1	
317	10350	fus	0.00 1468	1		
317	10350	ins	0.00 1352	1		
317	10350	rap	0.22 1952		1	
318	2011	fus	0.00 1384	1		
318	2011	ins	0.00 1212	1		
318	2011	rap	0.00 1332		1	
319	25455	ins	0.00 1376			1
319	25455	fus	0.00 1680	1		
319	25455	rap	1.33 3068		1	
320	17997	ins	0.00 1320			1
320	17997	fus	0.00 1552	1		
320	17997	rap	0.66 2544		1	
321	9407	ins	0.00 1308	1		
321	9407	fus	0.00 1396	1		
321	9407	rap	0.18 1840		1	
322	20206	fus	0.00 1504			1
322	20206	ins	0.00 1340			1
322	20206	rap	0.84 2544		1	
323	15434	ins	0.00 1356			1
323	15434	fus	0.00 1508	1		
323	15434	rap	0.49 2368		1	
324	15326	ins	0.00 1404			1
324	15326	fus	0.00 1424	1		
324	15326	rap	0.50 2256		1	
325	11897	ins	0.00 1344			1
325	11897	fus	0.00 1504	1		
325	11897	rap	0.29 2008		1	
326	15620	fus	0.00 1480	1		
326	15620	ins	0.00 1316			1
326	15620	rap	0.50 2320		1	
327	32311	fus	0.00 1740	1		
327	32311	ins	0.00 1540	1		
327	32311	rap	2.13 3468		1	
328	3499	ins	0.00 1212	1		
328	3499	fus	0.00 1332	1		
328	3499	rap	0.02 1420		1	
329	12975	ins	0.00 1368			1
329	12975	fus	0.00 1480	1		
329	12975	rap	0.35 2084		1	
330	17589	fus	0.00 1572	1		
330	17589	ins	0.00 1408	1		
330	17589	rap	0.64 2416		1	
331	9393	ins	0.00 1324	1		
331	9393	fus	0.00 1380	1		
331	9393	rap	0.18 1936		1	
332	13668	ins	0.00 1360			1
332	13668	fus	0.00 1472	1		
332	13668	rap	0.38 2144		1	
333	2309	fus	0.00 1304			1
333	2309	ins	0.00 1272			1
333	2309	rap	0.01 1452		1	
334	19602	fus	0.00 1596	1		
334	19602	ins	0.00 1432	1		
334	19602	rap	0.79 2552		1	
335	11626	ins	0.00 1376			1
335	11626	fus	0.00 1536			1
335	11626	rap	0.28 2068		1	
336	22884	ins	0.00 1304			1
336	22884	fus	0.00 1644			1
336	22884	rap	1.08 2896		1	
337	3827	ins	0.00 1292			1
337	3827	fus	0.00 1336	1		
337	3827	rap	0.03 1548		1	
338	15797	ins	0.00 1352			1
338	15797	fus	0.00 1532	1		
338	15797	rap	0.51 2304		1	
339	21946	fus	0.00 1624			1
339	21946	ins	0.00 1428			1
339	21946	rap	0.98 2772		1	
340	22849	fus	0.00 1716			1
340	22849	ins	0.00 1408			1
340	22849	rap	1.11 2892		1	
341	22398	ins	0.00 1304			1
341	22398	fus	0.00 1672			1
341	22398	rap	1.03 2844		1	
342	18187	ins	0.00 1268			1
342	18187	fus	0.00 1572	1		
342	18187	rap	0.68 2504		1	
343	27305	ins	0.00 1488			1
343	27305	fus	0.00 1688	1		
343	27305	rap	1.53 3044		1	
344	19350	fus	0.00 1620	1		
344	19350	ins	0.00 1416	1		
344	19350	rap	0.77 2628		1	
345	8615	fus	0.00 1392	1		
345	8615	ins	0.00 1320	1		
345	8615	rap	0.16 1780		1	
346	640	fus	0.00 1292		1	
346	640	ins	0.00 1292		1	
346	640	rap	0.00 1220		1	
347	23945	ins	0.00 1316	1		
347	23945	fus	0.00 1616	1		
347	23945	rap	1.20 2960		1	
348	4481	ins	0.00 1208	1		
348	4481	fus	0.00 1304	1		
348	4481	rap	0.04 1496		1	
349	2033	ins	0.00 1264			
349	2033	fus	0.00 1312			
349	2033	rap	0.01 1400		1	
350	11130	ins	0.00 1340			1
350	11130	fus	0.00 1484	1		
350	11130	rap	0.27 2068		1	
351	3545	rap	0.03 1444		1	
351	3545	fus	0.00 1240		1	
351	3545	ins	0.00 1292		1	
352	23010	fus	0.00 1600	1		
352	23010	ins	0.00 1408	1		
352	23010	rap	1.10 2848		1	
353	16206	fus	0.00 1544	1		
353	16206	ins	0.00 1392	1		
353	16206	rap	0.54 2332		1	
354	14513	ins	0.00 1240	1		
354	14513	fus	0.00 1584	1		
354	14513	rap	0.43 2300		1	
355	4875	fus	0.00 1332	1		
355	4875	ins	0.00 1288	1		
355	4875	rap	0.05 1532		1	
356	654	ins	0.00 1188		1	
356	654	fus	0.00 1320		1	
356	654	rap	0.00 1296		1	
357	25778	ins	0.00 1496			1
357	25778	fus	0.00 1640	1		
357	25778	rap	1.38 3064		1	
358	2686	fus	0.00 1332	1		
358	2686	ins	0.00 1148	1		
358	2686	rap	0.02 1368		1	
359	2789	ins	0.00 1312	1		
359	2789	fus	0.00 1336	1		
359	2789	rap	0.01 1472		1	
360	1157	fus	0.00 1328	1		
360	1157	ins	0.00 1184		1	
360	1157	rap	0.00 1256		1	
361	22060	fus	0.00 1656	1		
361	22060	ins	0.00 1428	1		
361	22060	rap	1.01 2832		1	
362	3549	ins	0.00 1280	1		
362	3549	fus	0.00 1328	1		
362	3549	rap	0.02 1532		1	
363	30955	ins	0.00 1516			1
363	30955	fus	0.00 1716	1		
363	30955	rap	2.03 3376		1	
364	11774	ins	0.00 1352	1		
364	11774	fus	0.00 1504	1		
364	11774	rap	0.29 2104		1	
365	8449	fus	0.00 1368	1		
365	8449	ins	0.00 1240	1		
365	8449	rap	0.16 1824		1	
366	28765	ins	0.00 1464	1		
366	28765	fus	0.00 1688	1		
366	28765	rap	1.72 3200		1	
367	5002	ins	0.00 1224	1		
367	5002	fus	0.00 1268	1		
367	5002	rap	0.06 1552		1	
368	2213	fus	0.00 1272	1		
368	2213	ins	0.00 1196	1		
368	2213	rap	0.01 1416		1	
369	17715	ins	0.00 1364			1
369	17715	fus	0.00 1536	1		
369	17715	rap	0.65 2424		1	
370	26153	ins	0.00 1488			1
370	26153	fus	0.00 1692	1		
370	26153	rap	1.41 3024		1	
371	14352	fus	0.00 1536	1		
371	14352	ins	0.00 1308	1		
371	14352	rap	0.43 2240		1	
372	18193	fus	0.00 1468			
372	18193	ins	0.00 1416			
372	18193	rap	0.68 2472		1	
373	1346	ins	0.00 1304	1		
373	1346	fus	0.00 1300		1	
373	1346	rap	0.00 1288		1	
374	23615	fus	0.00 1604	1		
374	23615	ins	0.00 1468			1
374	23615	rap	1.23 2912		1	
375	23105	fus	0.00 1644			1
375	23105	ins	0.00 1420			1
375	23105	rap	1.12 2756		1	
376	1042	ins	0.00 1288	1		
376	1042	fus	0.00 1324			
376	1042	rap	0.00 1356		1	
377	31877	ins	0.00 1480			1
377	31877	fus	0.00 1816	1		
377	31877	rap	2.11 3424		1	
378	16402	fus	0.00 1496	1		
378	16402	ins	0.00 1324			1
378	16402	rap	0.55 2412		1	
379	4745	ins	0.00 1292	1		
379	4745	fus	0.00 1332	1		
379	4745	rap	0.05 1592		1	
380	8632	fus	0.00 1456	1		
380	8632	ins	0.00 1268	1		
380	8632	rap	0.15 1832		1	
381	31701	ins	0.00 1428			1
381	31701	fus	0.00 1772			1
381	31701	rap	2.13 3412		1	
382	13438	ins	0.00 1360			1
382	13438	fus	0.00 1568	1		
382	13438	rap	0.37 2196		1	
383	23726	ins	0.00 1440			1
383	23726	fus	0.00 1608	1		
383	23726	rap	1.17 2844		1	
384	19414	ins	0.00 1416			1
384	19414	fus	0.00 1560	1		
384	19414	rap	0.77 2632		1	
385	8299	fus	0.00 1368	1		
385	8299	ins	0.00 1340	1		
385	8299	rap	0.14 1840		1	
386	713	fus	0.00 1240			
386	713	rap	0.00 1244		1	
386	713	ins	0.00 1188		1	
387	3	fus	0.00 1236			
387	3	ins	0.00 1228			
387	3	rap	0.00 1284			
388	7891	fus	0.00 1388	1		
388	7891	ins	0.00 1260			1
388	7891	rap	0.13 1836		1	
389	24277	ins	0.00 1456			1
389	24277	fus	0.00 1620	1		
389	24277	rap	1.22 2888		1	
390	9027	ins	0.00 1340	1		
390	9027	fus	0.00 1492	1		
390	9027	rap	0.16 1916		1	
391	15701	ins	0.00 1300			1
391	15701	fus	0.00 1564	1		
391	15701	rap	0.50 2352		1	
392	19743	fus	0.00 1552			1
392	19743	ins	0.00 1420			1
392	19743	rap	0.80 2568		1	
393	2819	ins	0.00 1144			1
393	2819	fus	0.00 1324	1		
393	2819	rap	0.02 1488		1	
394	16953	ins	0.00 1432			1
394	16953	fus	0.00 1580	1		
394	16953	rap	0.59 2476		1	
395	30687	ins	0.00 1440	1		
395	30687	fus	0.00 1736	1		
395	30687	rap	1.93 3392		1	
396	755	ins	0.00 1292		1	
396	755	fus	0.00 1252		1	
396	755	rap	0.00 1244		1	
397	28958	ins	0.00 1492			1
397	28958	fus	0.00 1744	1		
397	28958	rap	1.74 3288		1	
398	10215	ins	0.00 1208	1		
398	10215	fus	0.00 1464	1		
398	10215	rap	0.22 1972		1	
399	212	fus	0.00 1316			1
399	212	rap	0.00 1244			1
399	212	ins	0.00 1280			1
400	8368	ins	0.00 1248	1		
400	8368	fus	0.00 1488	1		
400	8368	rap	0.14 1712		1	
401	8597	fus	0.00 1392			1
401	8597	ins	0.00 1332			1
401	8597	rap	0.15 1796		1	
402	4646	ins	0.00 1328	1		
402	4646	fus	0.00 1344	1		
402	4646	rap	0.05 1576		1	
403	13737	ins	0.00 1236			1
403	13737	fus	0.00 1400	1		
403	13737	rap	0.38 2160		1	
404	10053	fus	0.00 1432	1		
404	10053	ins	0.00 1340	1		
404	10053	rap	0.21 1928		1	
405	25844	ins	0.00 1456			1
405	25844	fus	0.00 1676	1		
405	25844	rap	1.37 3068		1	
406	7114	ins	0.00 1240	1		
406	7114	fus	0.00 1400	1		
406	7114	rap	0.10 1736		1	
407	12540	ins	0.00 1324			
407	12540	fus	0.00 1476	1		
407	12540	rap	0.32 2132		1	
408	6761	ins	0.00 1316			1
408	6761	fus	0.00 1348	1		
408	6761	rap	0.10 1708		1	
409	14724	ins	0.00 1312	1		
409	14724	fus	0.00 1512	1		
409	14724	rap	0.45 2232		1	
410	23478	fus	0.00 1660	1		
410	23478	ins	0.00 1468	1		
410	23478	rap	1.12 2928		1	
411	15682	fus	0.00 1484	1		
411	15682	ins	0.00 1404	1		
411	15682	rap	0.52 2380		1	
412	1323	ins	0.00 1260			1
412	1323	fus	0.00 1272	1		
412	1323	rap	0.00 1312		1	
413	1901	fus	0.00 1296			1
413	1901	ins	0.00 1312			1
413	1901	rap	0.00 1404		1	
414	16816	ins	0.00 1388			1
414	16816	fus	0.00 1548	1		
414	16816	rap	0.58 2476		1	
415	20526	fus	0.00 1604	1		
415	20526	ins	0.00 1444	1		
415	20526	rap	0.87 2696		1	
416	15438	fus	0.00 1560	1		
416	15438	ins	0.00 1348	1		
416	15438	rap	0.52 2352		1	
417	20162	fus	0.00 1632	1		
417	20162	ins	0.00 1392			1
417	20162	rap	0.88 2668		1	
418	28124	ins	0.00 1488			1
418	28124	fus	0.00 1716	1		
418	28124	rap	1.70 3152		1	
419	19645	ins	0.00 1380	1		
419	19645	fus	0.00 1628	1		
419	19645	rap	0.80 2564		1	
420	13660	ins	0.00 1388			1
420	13660	fus	0.00 1468	1		
420	13660	rap	0.38 2244		1	
421	18606	fus	0.00 1648			1
421	18606	ins	0.00 1340			1
421	18606	rap	0.72 2436		1	
422	22038	ins	0.00 1412			1
422	22038	fus	0.00 1624	1		
422	22038	rap	1.02 2832		1	
423	25155	ins	0.00 1452			1
423	25155	fus	0.00 1680	1		
423	25155	rap	1.31 2944		1	
424	15743	ins	0.00 1320			1
424	15743	fus	0.00 1604	1		
424	15743	rap	0.51 2356		1	
425	2231	fus	0.00 1316	1		
425	2231	ins	0.00 1192	1		
425	2231	rap	0.01 1348		1	
426	17690	ins	0.00 1400	1		
426	17690	fus	0.00 1460	1		
426	17690	rap	0.64 2416		1	
427	3351	ins	0.00 1308	1		
427	3351	fus	0.00 1328	1		
427	3351	rap	0.02 1408		1	
428	9338	ins	0.00 1336	1		
428	9338	fus	0.00 1404	1		
428	9338	rap	0.18 1836		1	
429	29924	ins	0.00 1412			1
429	29924	fus	0.00 1744	1		
429	29924	rap	1.95 3280		1	
430	27598	ins	0.00 1392	1		
430	27598	fus	0.00 1688	1		
430	27598	rap	1.60 3220		1	
431	18631	fus	0.00 1584	1		
431	18631	ins	0.00 1320			1
431	18631	rap	0.72 2536		1	
432	17091	ins	0.00 1320	1		
432	17091	fus	0.00 1628	1		
432	17091	rap	0.60 2380		1	
433	25325	ins	0.00 1376			1
433	25325	fus	0.00 1656	1		
433	25325	rap	1.33 3076		1	
434	3166	ins	0.00 1224	1		
434	3166	fus	0.00 1340	1		
434	3166	rap	0.02 1488		1	
435	11248	ins	0.00 1360	1		
435	11248	fus	0.00 1472	1		
435	11248	rap	0.26 2076		1	
436	20009	fus	0.00 1604	1		
436	20009	ins	0.00 1456	1		
436	20009	rap	0.83 2680		1	
437	13496	ins	0.00 1368	1		
437	13496	fus	0.00 1532	1		
437	13496	rap	0.40 2124		1	
438	14492	ins	0.00 1368	1		
438	14492	fus	0.00 1468	1		
438	14492	rap	0.46 2288		1	
439	18554	ins	0.00 1424	1		
439	18554	fus	0.00 1616	1		
439	18554	rap	0.72 2600		1	
440	7427	fus	0.00 1380	1		
440	7427	ins	0.00 1240	1		
440	7427	rap	0.12 1800		1	
441	23468	fus	0.00 1596	1		
441	23468	ins	0.00 1464	1		
441	23468	rap	1.14 2932		1	
442	13970	fus	0.00 1524			1
442	13970	ins	0.00 1380			1
442	13970	rap	0.40 2160		1	
443	28624	fus	0.00 1740	1		
443	28624	ins	0.00 1408	1		
443	28624	rap	1.71 3240		1	
444	2855	fus	0.00 1284	1		
444	2855	ins	0.00 1292			1
444	2855	rap	0.02 1448		1	
445	19324	fus	0.00 1560	1		
445	19324	ins	0.00 1328	1		
445	19324	rap	0.79 2484		1	
446	32717	ins	0.00 1492	1		
446	32717	fus	0.00 1752	1		
446	32717	rap	2.26 3476		1	
447	3934	ins	0.00 1300	1		
447	3934	fus	0.00 1348	1		
447	3934	rap	0.04 1540		1	
448	11130	fus	0.00 1532	1		
448	11130	ins	0.00 1316	1		
448	11130	rap	0.26 1980		1	
449	5611	ins	0.00 1240			1
449	5611	fus	0.00 1360			1
449	5611	rap	0.06 1680		1	
450	7835	fus	0.00 1412	1		
450	7835	ins	0.00 1260	1		
450	7835	rap	0.13 1840		1	
451	29341	fus	0.00 1776	1		
451	29341	ins	0.00 1408			1
451	29341	rap	1.86 3360		1	
452	28498	fus	0.00 1700	1		
452	28498	ins	0.00 1396	1		
452	28498	rap	1.67 3196		1	
453	19296	fus	0.00 1584	1		
453	19296	ins	0.00 1380			1
453	19296	rap	0.76 2640		1	
454	24124	fus	0.00 1636			1
454	24124	ins	0.00 1488			1
454	24124	rap	1.22 2872		1	
455	23955	fus	0.00 1688	1		
455	23955	ins	0.00 1388	1		
455	23955	rap	1.19 2964		1	
456	11051	ins	0.00 1280	1		
456	11051	fus	0.00 1520	1		
456	11051	rap	0.26 1996		1	
457	26793	ins	0.00 1388			1
457	26793	fus	0.00 1652	1		
457	26793	rap	1.54 3140		1	
458	32328	fus	0.00 1740	1		
458	32328	ins	0.00 1440			1
458	32328	rap	2.17 3572		1	
459	25639	ins	0.00 1484	1		
459	25639	fus	0.00 1684	1		
459	25639	rap	1.47 2996		1	
460	236	fus	0.00 1240		1	
460	236	ins	0.00 1236		1	
460	236	rap	0.00 1192		1	
461	12141	ins	0.00 1368			1
461	12141	fus	0.00 1512	1		
461	12141	rap	0.35 2104		1	
462	27448	ins	0.00 1488			1
462	27448	fus	0.00 1788	1		
462	27448	rap	1.73 3212		1	
463	29206	ins	0.00 1428	1		
463	29206	fus	0.00 1740	1		
463	29206	rap	1.80 3280		1	
464	20083	ins	0.00 1352			1
464	20083	fus	0.00 1600	1		
464	20083	rap	0.85 2668		1	
465	8550	ins	0.00 1296	1		
465	8550	fus	0.00 1392	1		
465	8550	rap	0.16 1880		1	
466	2504	fus	0.00 1292			1
466	2504	ins	0.00 1272			1
466	2504	rap	0.01 1428		1	
467	31251	ins	0.00 1528			1
467	31251	fus	0.00 1728	1		
467	31251	rap	2.03 3492		1	
468	6958	ins	0.00 1308			1
468	6958	fus	0.00 1376			1
468	6958	rap	0.10 1756		1	
469	9421	fus	0.00 1412	1		
469	9421	ins	0.00 1324	1		
469	9421	rap	0.20 1852		1	
470	16693	fus	0.00 1572	1		
470	16693	ins	0.00 1320	1		
470	16693	rap	0.59 2340		1	
471	8124	fus	0.00 1312	1		
471	8124	ins	0.00 1264	1		
471	8124	rap	0.14 1824		1	
472	12669	ins	0.00 1276			1
472	12669	fus	0.00 1440	1		
472	12669	rap	0.33 2116		1	
473	18986	ins	0.00 1408	1		
473	18986	fus	0.00 1540	1		
473	18986	rap	0.76 2616		1	
474	14520	ins	0.00 1308			1
474	14520	fus	0.00 1492	1		
474	14520	rap	0.44 2300		1	
475	24576	ins	0.00 1416	1		
475	24576	fus	0.00 1624	1		
475	24576	rap	1.24 2956		1	
476	26797	ins	0.00 1396			1
476	26797	fus	0.00 1704			1
476	26797	rap	1.48 3180		1	
477	643	fus	0.00 1296		1	
477	643	ins	0.00 1268		1	
477	643	rap	0.00 1340		1	
478	11589	fus	0.00 1448	1		
478	11589	ins	0.00 1268	1		
478	11589	rap	0.28 2104		1	
479	19718	ins	0.00 1440			1
479	19718	fus	0.00 1548			1
479	19718	rap	0.81 2668		1	
480	29992	ins	0.00 1492			1
480	29992	fus	0.00 1780	1		
480	29992	rap	1.99 3388		1	
481	25655	fus	0.00 1720	1		
481	25655	ins	0.00 1384			1
481	25655	rap	1.38 3088		1	
482	30118	ins	0.00 1500			1
482	30118	fus	0.00 1764	1		
482	30118	rap	1.88 3380		1	
483	12873	ins	0.00 1324	1		
483	12873	fus	0.00 1556	1		
483	12873	rap	0.34 2156		1	
484	31078	ins	0.00 1532			1
484	31078	fus	0.00 1720			1
484	31078	rap	2.01 3384		1	
485	29615	ins	0.00 1360			1
485	29615	fus	0.00 1784	1		
485	29615	rap	1.84 3264		1	
486	4170	fus	0.00 1352	1		
486	4170	ins	0.00 1160			1
486	4170	rap	0.04 1568		1	
487	17924	ins	0.00 1340	1		
487	17924	fus	0.00 1556	1		
487	17924	rap	0.67 2436		1	
488	2571	ins	0.00 1276			1
488	2571	fus	0.00 1352			1
488	2571	rap	0.01 1440		1	
489	12366	ins	0.00 1376	1		
489	12366	fus	0.00 1472	1		
489	12366	rap	0.32 2136		1	
490	1477	fus	0.00 1264			1
490	1477	ins	0.00 1244			1
490	1477	rap	0.00 1396		1	
491	3787	fus	0.00 1344			1
491	3787	ins	0.00 1316			1
491	3787	rap	0.03 1548		1	
492	26169	fus	0.00 1600	1		
492	26169	ins	0.00 1464			1
492	26169	rap	1.41 3104		1	
493	30101	ins	0.00 1360			1
493	30101	fus	0.00 1784	1		
493	30101	rap	1.87 3372		1	
494	16641	fus	0.00 1528			1
494	16641	ins	0.00 1384			1
494	16641	rap	0.57 2448		1	
495	22983	ins	0.00 1444	1		
495	22983	fus	0.00 1672	1		
495	22983	rap	1.09 2876		1	
496	20567	ins	0.00 1284			1
496	20567	fus	0.00 1560			1
496	20567	rap	0.88 2628		1	
497	22454	ins	0.00 1424			1
497	22454	fus	0.00 1640			1
497	22454	rap	1.11 2756		1	
498	17997	ins	0.00 1400			1
498	17997	fus	0.00 1560	1		
498	17997	rap	0.66 2536		1	
499	12380	ins	0.00 1324			1
499	12380	fus	0.00 1468	1		
499	12380	rap	0.32 2120		1	
500	8885	ins	0.00 1244	1		
500	8885	fus	0.00 1428	1		
500	8885	rap	0.17 1856		1	
501	22685	ins	0.00 1432			1
501	22685	fus	0.00 1716	1		
501	22685	rap	1.06 2792		1	
502	22328	fus	0.00 1660	1		
502	22328	ins	0.00 1360	1		
502	22328	rap	1.06 2768		1	
503	21893	ins	0.00 1456	1		
503	21893	fus	0.00 1624	1		
503	21893	rap	1.00 2792		1	
504	14176	fus	0.00 1400	1		
504	14176	ins	0.00 1388	1		
504	14176	rap	0.42 2244		1	
505	9182	ins	0.00 1248			1
505	9182	fus	0.00 1464			1
505	9182	rap	0.18 1908		1	
506	27123	ins	0.00 1484	1		
506	27123	fus	0.00 1692	1		
506	27123	rap	1.53 3172		1	
507	3952	fus	0.00 1316	1		
507	3952	ins	0.00 1208	1		
507	3952	rap	0.03 1504		1	
508	18420	ins	0.00 1440	1		
508	18420	fus	0.00 1572	1		
508	18420	rap	0.71 2556		1	
509	15048	fus	0.00 1528			1
509	15048	ins	0.00 1344			1
509	15048	rap	0.46 2316		1	
510	31860	fus	0.00 1812	1		
510	31860	ins	0.00 1432	1		
510	31860	rap	2.10 3488		1	
511	25880	ins	0.00 1484			1
511	25880	fus	0.00 1664			1
511	25880	rap	1.39 3016		1	
512	10601	fus	0.00 1352	1		
512	10601	ins	0.00 1372	1		
512	10601	rap	0.24 2028		1	
513	938	fus	0.00 1328	1		
513	938	ins	0.00 1288		1	
513	938	rap	0.00 1360		1	
514	14854	ins	0.00 1340	1		
514	14854	fus	0.00 1500	1		
514	14854	rap	0.45 2336		1	
515	13412	ins	0.00 1300	1		
515	13412	fus	0.00 1464	1		
515	13412	rap	0.37 2192		1	
516	23323	fus	0.00 1600	1		
516	23323	ins	0.00 1368			1
516	23323	rap	1.20 2904		1	
517	27543	ins	0.00 1396	1		
517	27543	fus	0.00 1684	1		
517	27543	rap	1.57 3132		1	
518	15259	ins	0.00 1408			1
518	15259	fus	0.00 1480	1		
518	15259	rap	0.50 2368		1	
519	25017	fus	0.00 1676	1		
519	25017	ins	0.00 1376	1		
519	25017	rap	1.32 2940		1	
520	30721	ins	0.00 1496	1		
520	30721	fus	0.00 1736	1		
520	30721	rap	1.96 3460		1	
521	21678	ins	0.00 1372	1		
521	21678	fus	0.00 1628	1		
521	21678	rap	0.97 2808		1	
522	9173	ins	0.00 1352			1
522	9173	fus	0.00 1376	1		
522	9173	rap	0.18 1820		1	
523	6007	ins	0.00 1228	1		
523	6007	fus	0.00 1408	1		
523	6007	rap	0.08 1656		1	
524	21332	ins	0.00 1340			1
524	21332	fus	0.00 1648	1		
524	21332	rap	0.97 2788		1	
525	22800	fus	0.00 1668	1		
525	22800	ins	0.00 1360			1
525	22800	rap	1.10 2776		1	
526	23313	ins	0.00 1464	1		
526	23313	fus	0.00 1644	1		
526	23313	rap	1.14 2812		1	
527	29838	ins	0.00 1492			1
527	29838	fus	0.00 1708			1
527	29838	rap	1.84 3364		1	
528	27520	ins	0.00 1492			1
528	27520	fus	0.00 1724	1		
528	27520	rap	1.59 3228		1	
529	20871	fus	0.00 1604	1		
529	20871	ins	0.00 1348	1		
529	20871	rap	0.89 2732		1	
530	11131	ins	0.00 1268	1		
530	11131	fus	0.00 1448	1		
530	11131	rap	0.26 2008		1	
531	19241	fus	0.00 1484	1		
531	19241	ins	0.00 1280	1		
531	19241	rap	0.76 2616		1	
532	19794	ins	0.00 1332			1
532	19794	fus	0.00 1592	1		
532	19794	rap	0.84 2580		1	
533	2422	ins	0.00 1220			
533	2422	fus	0.00 1352			
533	2422	rap	0.01 1432		1	
534	19099	ins	0.00 1388	1		
534	19099	fus	0.00 1540	1		
534	19099	rap	0.75 2528		1	
535	22948	ins	0.00 1364			1
535	22948	fus	0.00 1544	1		
535	22948	rap	1.09 2840		1	
536	20837	ins	0.00 1292			1
536	20837	fus	0.00 1580	1		
536	20837	rap	0.90 2664		1	
537	6536	ins	0.00 1284			
537	6536	fus	0.00 1416			
537	6536	rap	0.09 1708		1	
538	22145	ins	0.00 1440	1		
538	22145	fus	0.00 1636	1		
538	22145	rap	1.02 2752		1	
539	3307	fus	0.00 1364	1		
539	3307	ins	0.00 1200	1		
539	3307	rap	0.02 1404		1	
540	27810	fus	0.00 1672	1		
540	27810	ins	0.00 1492			1
540	27810	rap	1.62 3212		1	
541	9875	fus	0.00 1388			1
541	9875	ins	0.00 1272			1
541	9875	rap	0.21 1820		1	
542	16606	ins	0.00 1312	1		
542	16606	fus	0.00 1444	1		
542	16606	rap	0.57 2412		1	
543	316	rap	0.00 1144		1	
543	316	fus	0.00 1284		1	
543	316	ins	0.00 1260		1	
544	12448	ins	0.00 1224	1		
544	12448	fus	0.00 1552	1		
544	12448	rap	0.32 2072		1	
545	14112	fus	0.00 1488	1		
545	14112	ins	0.00 1396			1
545	14112	rap	0.42 2180		1	
546	23195	ins	0.00 1448			1
546	23195	fus	0.00 1616	1		
546	23195	rap	1.14 2812		1	
547	17100	fus	0.00 1504			1
547	17100	ins	0.00 1320			1
547	17100	rap	0.61 2484		1	
548	7953	fus	0.00 1436			1
548	7953	ins	0.00 1324			1
548	7953	rap	0.13 1836		1	
549	28801	ins	0.00 1464			1
549	28801	fus	0.00 1732	1		
549	28801	rap	1.72 3224	TriFusion	1	
550	30936	ins	0.00 1424			1
550	30936	fus	0.00 1720	1		
550	30936	rap	1.98 3432		1	
551	2770	fus	0.00 1332	1		
551	2770	ins	0.00 1140	1		
551	2770	rap	0.02 1472		1	
552	5435	fus	0.00 1436	1		
552	5435	ins	0.00 1240			1
552	5435	rap	0.06 1664		1	
553	30981	ins	0.00 1440			1
553	30981	fus	0.00 1768	1		
553	30981	rap	2.07 3304		1	
554	549	rap	0.00 1304		1	
554	549	ins	0.00 1176		1	
554	549	fus	0.00 1244		1	
555	6416	ins	0.00 1328	1		
555	6416	fus	0.00 1384	1		
555	6416	rap	0.09 1624		1	
556	7686	ins	0.00 1340	1		
556	7686	fus	0.00 1428	1		
556	7686	rap	0.12 1720		1	
557	25425	ins	0.00 1484			1
557	25425	fus	0.00 1692			1
557	25425	rap	1.34 3060		1	
558	8669	ins	0.00 1340			1
558	8669	fus	0.00 1392	1		
558	8669	rap	0.16 1856		1	
559	26262	ins	0.00 1380			1
559	26262	fus	0.00 1688	1		
559	26262	rap	1.45 2972		1	
560	10976	fus	0.00 1460	1		
560	10976	ins	0.00 1212	1		
560	10976	rap	0.26 2004		1	
561	2104	fus	0.00 1216			1
561	2104	ins	0.00 1216			1
561	2104	rap	0.01 1416		1	
562	16492	ins	0.00 1324			1
562	16492	fus	0.00 1568	1		
562	16492	rap	0.59 2452		1	
563	13827	ins	0.00 1388	1		
563	13827	fus	0.00 1452	1		
563	13827	rap	0.40 2240		1	
564	23118	fus	0.00 1684	1		
564	23118	ins	0.00 1368	1		
564	23118	rap	1.15 2828		1	
565	28871	ins	0.00 1412			1
565	28871	fus	0.00 1704	1		
565	28871	rap	1.78 3224		1	
566	30336	fus	0.00 1748	1		
566	30336	ins	0.00 1524	1		
566	30336	rap	1.98 3328		1	
567	9054	ins	0.00 1296	1		
567	9054	fus	0.00 1496	1		
567	9054	rap	0.17 1920		1	
568	3310	fus	0.00 1308	1		
568	3310	ins	0.00 1200	1		
568	3310	rap	0.02 1492		1	
569	5737	ins	0.00 1324	1		
569	5737	fus	0.00 1400	1		
569	5737	rap	0.07 1584		1	
570	6362	ins	0.00 1272	1		
570	6362	fus	0.00 1416	1		
570	6362	rap	0.08 1732		1	
571	24287	fus	0.00 1740	1		
571	24287	ins	0.00 1448	1		
571	24287	rap	1.22 2964		1	
572	18853	ins	0.00 1400			1
572	18853	fus	0.00 1528			1
572	18853	rap	0.76 2612		1	
573	7816	fus	0.00 1480	1		
573	7816	ins	0.00 1344	1		
573	7816	rap	0.13 1812		1	
574	13586	fus	0.00 1524	1		
574	13586	ins	0.00 1376	1		
574	13586	rap	0.38 2224		1	
575	25637	fus	0.00 1588	1		
575	25637	ins	0.00 1432	1		
575	25637	rap	1.36 3088		1	
576	27368	ins	0.00 1396			1
576	27368	fus	0.00 1672	1		
576	27368	rap	1.56 3100		1	
577	23537	ins	0.00 1480			1
577	23537	fus	0.00 1644	1		
577	23537	rap	1.14 2848		1	
578	22815	ins	0.00 1448			1
578	22815	fus	0.00 1636	1		
578	22815	rap	1.09 2872		1	
579	16145	ins	0.00 1404			1
579	16145	fus	0.00 1564	1		
579	16145	rap	0.56 2368		1	
580	8253	fus	0.00 1408			1
580	8253	ins	0.00 1336			1
580	8253	rap	0.15 1756		1	
581	11198	ins	0.00 1360	1		
581	11198	fus	0.00 1456	1		
581	11198	rap	0.26 2072		1	
582	6298	fus	0.00 1376	1		
582	6298	ins	0.00 1328	1		
582	6298	rap	0.08 1692		1	
583	21011	ins	0.00 1396			1
583	21011	fus	0.00 1608			1
583	21011	rap	0.94 2660		1	
584	8351	ins	0.00 1328	1		
584	8351	fus	0.00 1380	1		
584	8351	rap	0.14 1872		1	
585	31491	fus	0.00 1752	1		
585	31491	ins	0.00 1532			1
585	31491	rap	2.03 3440		1	
586	14969	fus	0.00 1556	1		
586	14969	ins	0.00 1396	1		
586	14969	rap	0.46 2344		1	
587	5427	ins	0.00 1268			1
587	5427	fus	0.00 1404	1		
587	5427	rap	0.06 1632		1	
588	5145	ins	0.00 1244	1		
588	5145	fus	0.00 1320	1		
588	5145	rap	0.06 1564		1	
589	14432	ins	0.00 1240	1		
589	14432	fus	0.00 1536	1		
589	14432	rap	0.43 2204		1	
590	20209	ins	0.00 1456			1
590	20209	fus	0.00 1640			1
590	20209	rap	0.85 2656		1	
591	22143	fus	0.00 1592	1		
591	22143	ins	0.00 1404	1		
591	22143	rap	1.02 2736		1	
592	28465	fus	0.00 1676	1		
592	28465	ins	0.00 1352			1
592	28465	rap	1.73 3268		1	
593	7338	fus	0.00 1400			1
593	7338	ins	0.00 1340			1
593	7338	rap	0.12 1768		1	
594	7975	fus	0.00 1388	1		
594	7975	ins	0.00 1324	1		
594	7975	rap	0.14 1752		1	
595	1426	fus	0.00 1276			1
595	1426	ins	0.00 1188			1
595	1426	rap	0.00 1276		1	
596	26480	ins	0.00 1472	1		
596	26480	fus	0.00 1704	1		
596	26480	rap	1.53 3144		1	
597	8389	ins	0.00 1352	1		
597	8389	fus	0.00 1396	1		
597	8389	rap	0.14 1836		1	
598	8384	ins	0.00 1288	1		
598	8384	fus	0.00 1424	1		
598	8384	rap	0.15 1856		1	
599	15014	fus	0.00 1544	1		
599	15014	ins	0.00 1380			1
599	15014	rap	0.50 2232		1	
600	9921	fus	0.00 1444			1
600	9921	ins	0.00 1272			1
600	9921	rap	0.21 1956		1	
601	27730	ins	0.00 1456	1		
601	27730	fus	0.00 1796	1		
601	27730	rap	1.72 3188		1	
602	15625	ins	0.00 1296			1
602	15625	fus	0.00 1556	1		
602	15625	rap	0.58 2272		1	
603	27405	ins	0.00 1504			1
603	27405	fus	0.00 1752	1		
603	27405	rap	1.60 3204		1	
604	19359	fus	0.00 1624	1		
604	19359	ins	0.00 1436	1		
604	19359	rap	0.79 2536		1	
605	25790	ins	0.00 1360			1
605	25790	fus	0.00 1732	1		
605	25790	rap	1.46 3008		1	
606	13469	ins	0.00 1300			1
606	13469	fus	0.00 1488			1
606	13469	rap	0.39 2068		1	
607	23636	ins	0.00 1424	1		
607	23636	fus	0.00 1728	1		
607	23636	rap	1.24 2844		1	
608	23766	ins	0.00 1484			1
608	23766	fus	0.00 1652	1		
608	23766	rap	1.27 2956		1	
609	5084	ins	0.00 1320	1		
609	5084	fus	0.00 1388	1		
609	5084	rap	0.06 1536		1	
610	32168	ins	0.00 1508	1		
610	32168	fus	0.00 1824	1		
610	32168	rap	2.28 3540		1	
611	31269	ins	0.00 1528			1
611	31269	fus	0.00 1848	1		
611	31269	rap	2.01 3372		1	
612	20800	ins	0.00 1420	1		
612	20800	fus	0.00 1564	1		
612	20800	rap	0.89 2696		1	
613	31831	fus	0.00 1808			1
613	31831	ins	0.00 1432			1
613	31831	rap	2.12 3496		1	
614	22668	ins	0.00 1444	1		
614	22668	fus	0.00 1612	1		
614	22668	rap	1.05 2888		1	
615	9083	fus	0.00 1396	1		
615	9083	ins	0.00 1344			1
615	9083	rap	0.17 1836		1	
616	14584	fus	0.00 1512			1
616	14584	ins	0.00 1392			1
616	14584	rap	0.44 2272		1	
617	25214	ins	0.00 1392	1		
617	25214	fus	0.00 1668	1		
617	25214	rap	1.30 3008		1	
618	296	fus	0.00 1244		1	
618	296	rap	0.00 1296		1	
618	296	ins	0.00 1196		1	
619	12622	fus	0.00 1452	1		
619	12622	ins	0.00 1280			1
619	12622	rap	0.34 2108		1	
620	5818	fus	0.00 1404			1
620	5818	ins	0.00 1340			1
620	5818	rap	0.07 1604		1	
621	21034	fus	0.00 1644	1		
621	21034	ins	0.00 1344	1		
621	21034	rap	0.98 2760		1	
622	5254	fus	0.00 1312	1		
622	5254	ins	0.00 1236	1		
622	5254	rap	0.06 1600		1	
623	3697	fus	0.00 1280	1		
623	3697	ins	0.00 1308	1		
623	3697	rap	0.03 1536		1	
624	16952	ins	0.00 1424	1		
624	16952	fus	0.00 1544	1		
624	16952	rap	0.62 2420		1	
625	9426	ins	0.00 1332			1
625	9426	fus	0.00 1328	1		
625	9426	rap	0.18 1836		1	
626	4778	fus	0.00 1388	1		
626	4778	ins	0.00 1280	1		
626	4778	rap	0.05 1592		1	
627	30661	fus	0.00 1792			1
627	30661	ins	0.00 1368			1
627	30661	rap	2.00 3404		1	
628	27521	ins	0.00 1344	1		
628	27521	fus	0.00 1724	1		
628	27521	rap	1.56 3132		1	
629	137	ins	0.00 1288			
629	137	rap	0.00 1300			
629	137	fus	0.00 1280			
630	28899	fus	0.00 1708	1		
630	28899	ins	0.00 1464			1
630	28899	rap	1.73 3232		1	
631	4016	ins	0.00 1208			1
631	4016	fus	0.00 1356	1		
631	4016	rap	0.03 1544		1	
632	7214	ins	0.00 1352	1		
632	7214	fus	0.00 1296	1		
632	7214	rap	0.11 1792		1	
633	23242	ins	0.00 1408			1
633	23242	fus	0.00 1608	1		
633	23242	rap	1.20 2812		1	
634	15127	ins	0.00 1300			1
634	15127	fus	0.00 1512	1		
634	15127	rap	0.50 2252		1	
635	10354	ins	0.00 1360			1
635	10354	fus	0.00 1516	1		
635	10354	rap	0.23 1908		1	
636	1364	rap	0.00 1316		1	
636	1364	ins	0.00 1292		1	
636	1364	fus	0.00 1312		1	
637	28265	ins	0.00 1404			1
637	28265	fus	0.00 1740	1		
637	28265	rap	1.81 3168		1	
638	2447	fus	0.00 1328	1		
638	2447	ins	0.00 1220	1		
638	2447	rap	0.01 1364		1	
639	10467	ins	0.00 1332			
639	10467	fus	0.00 1484	1		
639	10467	rap	0.26 2008		1	
640	32157	ins	0.00 1536			1
640	32157	fus	0.00 1772	1		
640	32157	rap	2.65 3512		1	
641	5937	fus	0.00 1380	1		
641	5937	ins	0.00 1240			1
641	5937	rap	0.09 1612		1	
642	27448	ins	0.00 1452			1
642	27448	fus	0.00 1684	1		
642	27448	rap	1.76 3208		1	
643	24586	fus	0.00 1656	1		
643	24586	ins	0.00 1372			1
643	24586	rap	1.41 2988		1	
644	2987	ins	0.00 1252	1		
644	2987	fus	0.00 1284	1		
644	2987	rap	0.02 1436		1	
645	25777	ins	0.00 1476			1
645	25777	fus	0.00 1664	1		
645	25777	rap	1.56 3100		1	
646	31226	ins	0.00 1428			1
646	31226	fus	0.00 1728			1
646	31226	rap	2.31 3392		1	
647	22436	fus	0.00 1644	1		
647	22436	ins	0.00 1448	1		
647	22436	rap	1.31 2776		1	
648	28887	fus	0.00 1728			1
648	28887	ins	0.00 1484			1
648	28887	rap	2.00 3228		1	
649	27059	ins	0.00 1388	1		
649	27059	fus	0.00 1736	1		
649	27059	rap	1.70 3196		1	
650	14431	ins	0.00 1344			1
650	14431	fus	0.00 1532			1
650	14431	rap	0.55 2288		1	
651	13188	ins	0.00 1300			1
651	13188	fus	0.00 1500	1		
651	13188	rap	0.40 2212		1	
652	27158	ins	0.00 1392			1
652	27158	fus	0.00 1740			1
652	27158	rap	1.92 3096		1	
653	5668	ins	0.00 1336			1
653	5668	fus	0.00 1372	1		
653	5668	rap	0.07 1588		1	
654	22170	ins	0.00 1352			1
654	22170	fus	0.00 1652	1		
654	22170	rap	1.27 2844		1	
655	24257	fus	0.00 1740	1		
655	24257	ins	0.00 1372	1		
655	24257	rap	1.63 2832		1	
656	1173	ins	0.00 1284	1		
656	1173	rap	0.00 1308		1	
656	1173	fus	0.00 1252		1	
657	31514	fus	0.00 1780	1		
657	31514	ins	0.00 1424	1		
657	31514	rap	2.42 3504		1	
658	10957	ins	0.00 1260	1		
658	10957	fus	0.00 1404	1		
658	10957	rap	0.32 2000		1	
659	16932	fus	0.00 1528	1		
659	16932	ins	0.00 1312	1		
659	16932	rap	0.67 2376		1	
660	7870	ins	0.00 1344			1
660	7870	fus	0.00 1408			1
660	7870	rap	0.15 1800		1	
661	30585	fus	0.00 1708	1		
661	30585	ins	0.00 1420			1
661	30585	rap	2.18 3348		1	
662	26970	ins	0.00 1492			1
662	26970	fus	0.00 1656			1
662	26970	rap	1.62 3124		1	
663	26231	fus	0.00 1696	1		
663	26231	ins	0.00 1392	1		
663	26231	rap	1.51 3072		1	
664	13920	ins	0.00 1344	1		
664	13920	fus	0.00 1536	1		
664	13920	rap	0.40 2172		1	
665	2573	fus	0.00 1328			1
665	2573	ins	0.00 1276			1
665	2573	rap	0.02 1352		1	
666	8004	ins	0.00 1312	1		
666	8004	fus	0.00 1380	1		
666	8004	rap	0.14 1752		1	
667	22828	ins	0.00 1444			1
667	22828	fus	0.00 1600	1		
667	22828	rap	1.20 2780		1	
668	32226	ins	0.00 1540			1
668	32226	fus	0.00 1780	1		
668	32226	rap	2.28 3528		1	
669	23653	fus	0.00 1648	1		
669	23653	ins	0.00 1316	1		
669	23653	rap	1.15 2912		1	
670	11432	ins	0.00 1216	1		
670	11432	fus	0.00 1432	1		
670	11432	rap	0.27 2096		1	
671	9934	fus	0.00 1340			1
671	9934	ins	0.00 1364			1
671	9934	rap	0.22 1888		1	
672	18063	fus	0.00 1576	1		
672	18063	ins	0.00 1424			1
672	18063	rap	0.70 2524		1	
673	13080	ins	0.00 1380	1		
673	13080	fus	0.00 1476	1		
673	13080	rap	0.36 2116		1	
674	8924	ins	0.00 1268	1		
674	8924	fus	0.00 1488	1		
674	8924	rap	0.17 1860		1	
675	28612	ins	0.00 1400	1		
675	28612	fus	0.00 1760	1		
675	28612	rap	1.72 3188		1	
676	19724	fus	0.00 1540			1
676	19724	ins	0.00 1392			1
676	19724	rap	0.81 2568		1	
677	29694	ins	0.00 1428	1		
677	29694	fus	0.00 1820	1		
677	29694	rap	1.86 3348		1	
678	24179	fus	0.00 1696	1		
678	24179	ins	0.00 1476			1
678	24179	rap	1.21 2952		1	
679	873	fus	0.00 1304		1	
679	873	ins	0.00 1184			
679	873	rap	0.00 1332		1	
680	9590	fus	0.00 1472	1		
680	9590	ins	0.00 1252	1		
680	9590	rap	0.20 1920		1	
681	4745	fus	0.00 1356	1		
681	4745	ins	0.00 1308	1		
681	4745	rap	0.05 1516		1	
682	15420	ins	0.00 1304			1
682	15420	fus	0.00 1520	1		
682	15420	rap	0.50 2364		1	
683	16699	fus	0.00 1528	1		
683	16699	ins	0.00 1324			1
683	16699	rap	0.63 2348		1	
684	25289	ins	0.00 1488			1
684	25289	fus	0.00 1720			1
684	25289	rap	1.33 3064		1	
685	9036	ins	0.00 1324	1		
685	9036	fus	0.00 1396	1		
685	9036	rap	0.17 1880		1	
686	28695	ins	0.00 1524			1
686	28695	fus	0.00 1740			1
686	28695	rap	1.72 3220		1	
687	21791	ins	0.00 1436			1
687	21791	fus	0.00 1528			1
687	21791	rap	1.05 2828		1	
688	6509	fus	0.00 1372			1
688	6509	ins	0.00 1316			1
688	6509	rap	0.08 1656		1	
689	6273	fus	0.00 1356	1		
689	6273	ins	0.00 1284	1		
689	6273	rap	0.08 1620		1	
690	28117	fus	0.00 1680	1		
690	28117	ins	0.00 1504	1		
690	28117	rap	1.74 3252		1	
691	6306	ins	0.00 1344			1
691	6306	fus	0.00 1284			1
691	6306	rap	0.08 1720		1	
692	26492	ins	0.00 1472			1
692	26492	fus	0.00 1704	1		
692	26492	rap	1.46 3036		1	
693	12835	fus	0.00 1508			1
693	12835	ins	0.00 1228			1
693	12835	rap	0.36 2128		1	
694	19441	ins	0.00 1380	1		
694	19441	fus	0.00 1592	1		
694	19441	rap	0.85 2620		1	
695	4609	fus	0.00 1360			1
695	4609	ins	0.00 1288			1
695	4609	rap	0.04 1604		1	
696	17692	ins	0.00 1412			1
696	17692	fus	0.00 1520	1		
696	17692	rap	0.65 2540		1	
697	1350	ins	0.00 1256	1		
697	1350	fus	0.00 1324	1		
697	1350	rap	0.00 1384		1	
698	162	rap	0.00 1204			1
698	162	fus	0.00 1236			1
698	162	ins	0.00 1272			1
699	20949	ins	0.00 1436			1
699	20949	fus	0.00 1616	1		
699	20949	rap	0.98 2748		1	
700	18258	ins	0.00 1324			1
700	18258	fus	0.00 1576			1
700	18258	rap	0.76 2460		1	
701	6122	ins	0.00 1344	1		
701	6122	fus	0.00 1376	1		
701	6122	rap	0.08 1700		1	
702	8983	fus	0.00 1420	1		
702	8983	ins	0.00 1244	1		
702	8983	rap	0.17 1888		1	
703	24986	ins	0.00 1468			1
703	24986	fus	0.00 1744	1		
703	24986	rap	1.44 3024		1	
704	5753	fus	0.00 1340			1
704	5753	ins	0.00 1280			1
704	5753	rap	0.07 1600		1	
705	6959	ins	0.00 1288			1
705	6959	fus	0.00 1384	1		
705	6959	rap	0.11 1720		1	
706	21366	ins	0.00 1420			1
706	21366	fus	0.00 1520			1
706	21366	rap	1.12 2768		1	
707	17681	ins	0.00 1324			1
707	17681	fus	0.00 1556	1		
707	17681	rap	0.65 2420		1	
708	11267	fus	0.00 1496	1		
708	11267	ins	0.00 1368			1
708	11267	rap	0.26 2084		1	
709	10151	fus	0.00 1416	1		
709	10151	ins	0.00 1352			1
709	10151	rap	0.21 1948		1	
710	28748	ins	0.00 1404			1
710	28748	fus	0.00 1760	1		
710	28748	rap	1.72 3284		1	
711	18416	ins	0.00 1380			1
711	18416	fus	0.00 1516	1		
711	18416	rap	0.70 2576		1	
712	2891	fus	0.00 1364	1		
712	2891	ins	0.00 1272	1		
712	2891	rap	0.02 1468		1	
713	11020	ins	0.00 1340	1		
713	11020	fus	0.00 1428	1		
713	11020	rap	0.28 1952		1	
714	21175	ins	0.00 1364	1		
714	21175	fus	0.00 1640	1		
714	21175	rap	0.98 2744		1	
715	11428	ins	0.00 1264	1		
715	11428	fus	0.00 1444	1		
715	11428	rap	0.27 1992		1	
716	4211	ins	0.00 1304	1		
716	4211	fus	0.00 1352	1		
716	4211	rap	0.03 1548		1	
717	10810	ins	0.00 1264	1		
717	10810	fus	0.00 1524	1		
717	10810	rap	0.24 2036		1	
718	4874	fus	0.00 1360	1		
718	4874	ins	0.00 1332			1
718	4874	rap	0.05 1516		1	
719	9439	ins	0.00 1252	1		
719	9439	fus	0.00 1432	1		
719	9439	rap	0.18 1932		1	
720	20834	ins	0.00 1360	1		
720	20834	fus	0.00 1512	1		
720	20834	rap	0.89 2760		1	
721	12565	ins	0.00 1392			
721	12565	fus	0.00 1428	1		
721	12565	rap	0.32 2056		1	
722	1379	ins	0.00 1136	1		
722	1379	fus	0.00 1252	1		
722	1379	rap	0.00 1344		1	
723	23225	ins	0.00 1464			1
723	23225	fus	0.00 1688	1		
723	23225	rap	1.14 2896		1	
724	1574	fus	0.00 1284	1		
724	1574	rap	0.00 1308			1
724	1574	ins	0.00 1292			1
725	19330	fus	0.00 1580	1		
725	19330	ins	0.00 1388			1
725	19330	rap	0.83 2484		1	
726	28641	ins	0.00 1520			1
726	28641	fus	0.00 1756	1		
726	28641	rap	1.73 3248		1	
727	30082	ins	0.00 1416	1		
727	30082	fus	0.00 1792	1		
727	30082	rap	1.89 3240		1	
728	21220	ins	0.00 1396	1		
728	21220	fus	0.00 1628	1		
728	21220	rap	0.94 2788		1	
729	17385	fus	0.00 1552	1		
729	17385	ins	0.00 1392			1
729	17385	rap	0.67 2396		1	
730	12202	fus	0.00 1476	1		
730	12202	ins	0.00 1384			1
730	12202	rap	0.34 2104		1	
731	27863	fus	0.00 1756	1		
731	27863	ins	0.00 1472	1		
731	27863	rap	1.62 3240		1	
732	13959	fus	0.00 1456	1		
732	13959	ins	0.00 1404	1		
732	13959	rap	0.45 2152		1	
733	5667	fus	0.00 1276			1
733	5667	ins	0.00 1280			1
733	5667	rap	0.06 1524		1	
734	30648	fus	0.00 1772	1		
734	30648	ins	0.00 1420	1		
734	30648	rap	2.02 3404		1	
735	233	rap	0.00 1140	1		
735	233	fus	0.00 1236	1		
735	233	ins	0.00 1296	1		
736	4001	ins	0.00 1312			1
736	4001	fus	0.00 1384	1		
736	4001	rap	0.04 1552		1	
737	14937	fus	0.00 1488	1		
737	14937	ins	0.00 1368	1		
737	14937	rap	0.50 2276		1	
738	24665	ins	0.00 1324			1
738	24665	fus	0.00 1700	1		
738	24665	rap	1.33 3016		1	
739	18954	fus	0.00 1540	1		
739	18954	ins	0.00 1448			1
739	18954	rap	0.78 2592		1	
740	11872	ins	0.00 1316	1		
740	11872	fus	0.00 1416	1		
740	11872	rap	0.29 2028		1	
741	19099	ins	0.00 1280			1
741	19099	fus	0.00 1580	1		
741	19099	rap	0.78 2620		1	
742	19159	fus	0.00 1588	1		
742	19159	ins	0.00 1404	1		
742	19159	rap	0.75 2520		1	
743	14030	ins	0.00 1372			1
743	14030	fus	0.00 1484			1
743	14030	rap	0.40 2180		1	
744	21038	ins	0.00 1432			1
744	21038	fus	0.00 1592	1		
744	21038	rap	0.91 2680		1	
745	1226	ins	0.00 1132			1
745	1226	fus	0.00 1324			1
745	1226	rap	0.00 1360		1	
746	17385	ins	0.00 1316			1
746	17385	fus	0.00 1512	1		
746	17385	rap	0.63 2484		1	
747	5394	fus	0.00 1360	1		
747	5394	ins	0.00 1292	1		
747	5394	rap	0.06 1500		1	
748	10199	ins	0.00 1332	1		
748	10199	fus	0.00 1344	1		
748	10199	rap	0.22 1992		1	
749	20917	ins	0.00 1360	1		
749	20917	fus	0.00 1604	1		
749	20917	rap	0.90 2648		1	
750	25029	fus	0.00 1752	1		
750	25029	ins	0.00 1484			1
750	25029	rap	1.30 3056		1	
751	5300	fus	0.00 1320	1		
751	5300	ins	0.00 1236	1		
751	5300	rap	0.06 1496		1	
752	31276	ins	0.00 1504			1
752	31276	fus	0.00 1804			1
752	31276	rap	2.01 3484		1	
753	12118	fus	0.00 1456			
753	12118	ins	0.00 1320			
753	12118	rap	0.30 2024		1	
754	21981	fus	0.00 1600	1		
754	21981	ins	0.00 1348	1		
754	21981	rap	0.99 2832		1	
755	16677	fus	0.00 1492	1		
755	16677	ins	0.00 1328			1
755	16677	rap	0.58 2448		1	
756	2956	ins	0.00 1260			1
756	2956	fus	0.00 1288	1		
756	2956	rap	0.02 1436		1	
757	22385	fus	0.00 1672	1		
757	22385	ins	0.00 1412			1
757	22385	rap	1.05 2756		1	
758	6379	fus	0.00 1420	1		
758	6379	ins	0.00 1332	1		
758	6379	rap	0.09 1724		1	
759	14436	ins	0.00 1240			1
759	14436	fus	0.00 1504			1
759	14436	rap	0.43 2268		1	
760	24447	fus	0.00 1704			1
760	24447	ins	0.00 1372			1
760	24447	rap	1.24 2892		1	
761	18232	fus	0.00 1556	1		
761	18232	ins	0.00 1428	1		
761	18232	rap	0.70 2516		1	
762	22135	fus	0.00 1604			1
762	22135	ins	0.00 1404			1
762	22135	rap	1.04 2840		1	
763	17737	ins	0.00 1324			1
763	17737	fus	0.00 1516	1		
763	17737	rap	0.64 2444		1	
764	27000	ins	0.00 1496			1
764	27000	fus	0.00 1660	1		
764	27000	rap	1.52 3148		1	
765	30350	fus	0.00 1788	1		
765	30350	ins	0.00 1436			1
765	30350	rap	2.02 3396		1	
766	12385	fus	0.00 1500	1		
766	12385	ins	0.00 1292			1
766	12385	rap	0.34 2064		1	
767	528	ins	0.00 1184		1	
767	528	fus	0.00 1296		1	
767	528	rap	0.00 1316		1	
768	15298	ins	0.00 1388	1		
768	15298	fus	0.00 1548	1		
768	15298	rap	0.52 2308		1	
769	5193	fus	0.00 1372	1		
769	5193	ins	0.00 1220	1		
769	5193	rap	0.06 1544		1	
770	28295	ins	0.00 1480			1
770	28295	fus	0.00 1760	1		
770	28295	rap	1.70 3272		1	
771	552	ins	0.00 1268		1	
771	552	rap	0.00 1220		1	
771	552	fus	0.00 1196		1	
772	23313	ins	0.00 1464			1
772	23313	fus	0.00 1676	1		
772	23313	rap	1.21 2908		1	
773	31921	fus	0.00 1772	1		
773	31921	ins	0.00 1380	1		
773	31921	rap	2.20 3508		1	
774	1908	fus	0.00 1312	1		
774	1908	ins	0.00 1216	1		
774	1908	rap	0.00 1404		1	
775	29745	ins	0.00 1412	1		
775	29745	fus	0.00 1704	1		
775	29745	rap	2.00 3344		1	
776	1226	ins	0.00 1236	1		
776	1226	fus	0.00 1372	1		
776	1226	rap	0.00 1316		1	
777	6224	ins	0.00 1332	1		
777	6224	fus	0.00 1372	1		
777	6224	rap	0.08 1716		1	
778	25284	ins	0.00 1328	1		
778	25284	fus	0.00 1688	1		
778	25284	rap	1.36 3004		1	
779	4038	fus	0.00 1424	1		
779	4038	ins	0.00 1296	1		
779	4038	rap	0.04 1576		1	
780	21077	ins	0.00 1432			1
780	21077	fus	0.00 1620	1		
780	21077	rap	1.03 2680		1	
781	8730	ins	0.00 1332			1
781	8730	fus	0.00 1492	1		
781	8730	rap	0.20 1808		1	
782	9074	fus	0.00 1396	1		
782	9074	ins	0.00 1248	1		
782	9074	rap	0.24 1820		1	
783	20310	ins	0.00 1432			1
783	20310	fus	0.00 1632			1
783	20310	rap	1.06 2552		1	
784	28055	ins	0.00 1420			1
784	28055	fus	0.00 1712			1
784	28055	rap	1.96 3144		1	
785	12141	fus	0.00 1472			1
785	12141	ins	0.00 1288			1
785	12141	rap	0.31 2036		1	
786	19949	fus	0.00 1568	1		
786	19949	ins	0.00 1428			1
786	19949	rap	0.93 2696		1	
787	15181	fus	0.00 1420	1		
787	15181	ins	0.00 1300	1		
787	15181	rap	0.57 2244		1	
788	6621	ins	0.00 1276	1		
788	6621	fus	0.00 1336	1		
788	6621	rap	0.11 1588		1	
789	13559	ins	0.00 1388	1		
789	13559	fus	0.00 1528	1		
789	13559	rap	0.44 2132		1	
790	29389	fus	0.00 1700			1
790	29389	ins	0.00 1512			1
790	29389	rap	2.01 3240		1	
791	4888	fus	0.00 1356			1
791	4888	ins	0.00 1164			1
791	4888	rap	0.07 1564		1	
792	17487	ins	0.00 1368			1
792	17487	fus	0.00 1632			1
792	17487	rap	0.76 2484		1	
793	30325	fus	0.00 1832	1		
793	30325	ins	0.00 1504			1
793	30325	rap	2.21 3396		1	
794	17168	ins	0.00 1332			1
794	17168	fus	0.00 1580	1		
794	17168	rap	0.73 2432		1	
795	31400	ins	0.00 1528	1		
795	31400	fus	0.00 1752	1		
795	31400	rap	2.37 3504		1	
796	619	fus	0.00 1364			1
796	619	ins	0.00 1276			1
796	619	rap	0.00 1276			1
797	26406	ins	0.00 1504	1		
797	26406	fus	0.00 1720	1		
797	26406	rap	1.57 3152		1	
798	11615	fus	0.00 1500			1
798	11615	ins	0.00 1272			1
798	11615	rap	0.36 2096		1	
799	25964	fus	0.00 1648			
799	25964	ins	0.00 1400			
799	25964	rap	1.57 3104		1	
800	16143	fus	0.00 1488	1		
800	16143	ins	0.00 1300	1		
800	16143	rap	0.62 2380		1	
801	17255	fus	0.00 1540	1		
801	17255	ins	0.00 1420	1		
801	17255	rap	0.70 2500		1	
802	19772	ins	0.00 1332			1
802	19772	fus	0.00 1552			1
802	19772	rap	0.88 2616		1	
803	16101	fus	0.00 1432			
803	16101	ins	0.00 1356			
803	16101	rap	0.65 2256		1	
804	2452	fus	0.00 1304	1		
804	2452	ins	0.00 1200	1		
804	2452	rap	0.01 1444		1	
805	5970	fus	0.00 1448			1
805	5970	ins	0.00 1172			1
805	5970	rap	0.08 1592		1	
806	26027	ins	0.00 1380	1		
806	26027	fus	0.00 1728	1		
806	26027	rap	1.54 3100		1	
807	25729	ins	0.00 1404	1		
807	25729	fus	0.00 1724	1		
807	25729	rap	1.36 2988		1	
808	3062	fus	0.00 1284			
808	3062	ins	0.00 1224			
808	3062	rap	0.02 1392		1	
809	2615	fus	0.00 1396			1
809	2615	ins	0.00 1248			1
809	2615	rap	0.01 1452		1	
810	16877	fus	0.00 1516	1		
810	16877	ins	0.00 1332	1		
810	16877	rap	0.58 2368		1	
811	3136	fus	0.00 1372	1		
811	3136	ins	0.00 1204			1
811	3136	rap	0.02 1512		1	
812	27562	ins	0.00 1504			1
812	27562	fus	0.00 1684	1		
812	27562	rap	1.66 3132		1	
813	15699	ins	0.00 1356	1		
813	15699	fus	0.00 1428	1		
813	15699	rap	0.54 2276		1	
814	12841	fus	0.00 1520	1		
814	12841	ins	0.00 1336			1
814	12841	rap	0.34 2148		1	
815	29498	ins	0.00 1408			1
815	29498	fus	0.00 1748	1		
815	29498	rap	1.82 3352		1	
816	6452	fus	0.00 1380	1		
816	6452	ins	0.00 1344			1
816	6452	rap	0.08 1628		1	
817	23709	ins	0.00 1476	1		
817	23709	fus	0.00 1664	1		
817	23709	rap	1.23 2916		1	
818	28095	ins	0.00 1448	1		
818	28095	fus	0.00 1724	1		
818	28095	rap	1.78 3212		1	
819	24382	ins	0.00 1420	1		
819	24382	fus	0.00 1652	1		
819	24382	rap	1.30 2992		1	
820	3971	ins	0.00 1268	1		
820	3971	fus	0.00 1372	1		
820	3971	rap	0.04 1512		1	
821	15074	ins	0.00 1296			1
821	15074	fus	0.00 1528	1		
821	15074	rap	0.48 2232		1	
822	30547	ins	0.00 1492	1		
822	30547	fus	0.00 1756	1		
822	30547	rap	1.99 3400		1	
823	13840	fus	0.00 1504	1		
823	13840	ins	0.00 1280	1		
823	13840	rap	0.40 2268		1	
824	11663	ins	0.00 1328			1
824	11663	fus	0.00 1436	1		
824	11663	rap	0.30 2016		1	
825	15036	ins	0.00 1404	1		
825	15036	fus	0.00 1504	1		
825	15036	rap	0.48 2332		1	
826	25241	fus	0.00 1632	1		
826	25241	ins	0.00 1428	1		
826	25241	rap	1.33 3036		1	
827	30561	ins	0.00 1520	1		
827	30561	fus	0.00 1792	1		
827	30561	rap	2.02 3324		1	
828	13014	ins	0.00 1336	1		
828	13014	fus	0.00 1492	1		
828	13014	rap	0.35 2164		1	
829	21262	ins	0.00 1364			1
829	21262	fus	0.00 1568	1		
829	21262	rap	0.94 2688		1	
830	3983	fus	0.00 1376	1		
830	3983	ins	0.00 1268	1		
830	3983	rap	0.03 1472		1	
831	20972	ins	0.00 1436	1		
831	20972	fus	0.00 1612	1		
831	20972	rap	0.93 2708		1	
832	9821	ins	0.00 1340	1		
832	9821	fus	0.00 1476	1		
832	9821	rap	0.21 1968		1	
833	27964	fus	0.00 1752			1
833	27964	ins	0.00 1448			1
833	27964	rap	1.62 3256		1	
834	12696	ins	0.00 1388			1
834	12696	fus	0.00 1488			1
834	12696	rap	0.33 2168		1	
835	8109	ins	0.00 1328	1		
835	8109	fus	0.00 1420	1		
835	8109	rap	0.14 1816		1	
836	15835	fus	0.00 1504	1		
836	15835	ins	0.00 1252	1		
836	15835	rap	0.52 2348		1	
837	6434	fus	0.00 1336	1		
837	6434	ins	0.00 1300	1		
837	6434	rap	0.08 1648		1	
838	14855	ins	0.00 1300			1
838	14855	fus	0.00 1544	1		
838	14855	rap	0.45 2304		1	
839	19120	ins	0.00 1448	1		
839	19120	fus	0.00 1556	1		
839	19120	rap	0.75 2540		1	
840	2793	fus	0.00 1324			1
840	2793	ins	0.00 1196			1
840	2793	rap	0.02 1392		1	
841	27426	fus	0.00 1612	1		
841	27426	ins	0.00 1444			1
841	27426	rap	1.55 3124		1	
842	23735	fus	0.00 1668	1		
842	23735	ins	0.00 1484			1
842	23735	rap	1.16 2852		1	
843	16329	ins	0.00 1416			
843	16329	fus	0.00 1492			
843	16329	rap	0.55 2408		1	
844	28647	ins	0.00 1472			1
844	28647	fus	0.00 1728	1		
844	28647	rap	1.69 3140		1	
845	20955	fus	0.00 1604	1		
845	20955	ins	0.00 1444	1		
845	20955	rap	0.89 2764		1	
846	13572	ins	0.00 1304	1		
846	13572	fus	0.00 1444	1		
846	13572	rap	0.38 2200		1	
847	30305	fus	0.00 1824	1		
847	30305	ins	0.00 1468	1		
847	30305	rap	1.87 3404		1	
848	7910	ins	0.00 1340	1		
848	7910	fus	0.00 1356	1		
848	7910	rap	0.13 1848		1	
849	17515	fus	0.00 1588	1		
849	17515	ins	0.00 1388	1		
849	17515	rap	0.63 2480		1	
850	10578	fus	0.00 1452	1		
850	10578	ins	0.00 1344	1		
850	10578	rap	0.23 1988		1	
851	1454	fus	0.00 1304	1		
851	1454	ins	0.00 1276		1	
851	1454	rap	0.00 1284		1	
852	7935	ins	0.00 1288			
852	7935	fus	0.00 1404	1		
852	7935	rap	0.13 1824		1	
853	13947	ins	0.00 1360	1		
853	13947	fus	0.00 1480	1		
853	13947	rap	0.40 2236		1	
854	26787	ins	0.00 1392			1
854	26787	fus	0.00 1676	1		
854	26787	rap	1.48 3008		1	
855	549	ins	0.00 1284	1		
855	549	rap	0.00 1220	1		
855	549	fus	0.00 1292	1		
856	30383	fus	0.00 1764	1		
856	30383	ins	0.00 1436			1
856	30383	rap	1.89 3388		1	
857	32414	ins	0.00 1544			1
857	32414	fus	0.00 1868	1		
857	32414	rap	2.15 3460		1	
858	5140	fus	0.00 1372	1		
858	5140	ins	0.00 1216			1
858	5140	rap	0.06 1644		1	
859	27875	ins	0.00 1404			1
859	27875	fus	0.00 1728	1		
859	27875	rap	1.59 3228		1	
860	24990	fus	0.00 1632			1
860	24990	ins	0.00 1432			1
860	24990	rap	1.27 3028		1	
861	28660	fus	0.00 1736			1
861	28660	ins	0.00 1400			1
861	28660	rap	1.67 3192		1	
862	17695	ins	0.00 1340	1		
862	17695	fus	0.00 1520	1		
862	17695	rap	0.64 2468		1	
863	17861	fus	0.00 1560	1		
863	17861	ins	0.00 1340	1		
863	17861	rap	0.66 2548		1	
864	21254	ins	0.00 1448			1
864	21254	fus	0.00 1592	1		
864	21254	rap	0.93 2744		1	
865	32113	ins	0.00 1536			1
865	32113	fus	0.00 1784	1		
865	32113	rap	2.12 3548		1	
866	15509	ins	0.00 1348	1		
866	15509	fus	0.00 1496	1		
866	15509	rap	0.51 2364		1	
867	2468	fus	0.00 1396	1		
867	2468	ins	0.00 1304	1		
867	2468	rap	0.01 1356		1	
868	12340	ins	0.00 1268			1
868	12340	fus	0.00 1508	1		
868	12340	rap	0.31 2116		1	
869	20341	ins	0.00 1432			1
869	20341	fus	0.00 1604	1		
869	20341	rap	0.86 2724		1	
870	13934	ins	0.00 1364	1		
870	13934	fus	0.00 1496	1		
870	13934	rap	0.39 2212		1	
871	13541	ins	0.00 1400	1		
871	13541	fus	0.00 1464	1		
871	13541	rap	0.37 2144		1	
872	18529	ins	0.00 1428			1
872	18529	fus	0.00 1612	1		
872	18529	rap	0.70 2504		1	
873	12494	fus	0.00 1484			1
873	12494	ins	0.00 1384			1
873	12494	rap	0.32 2052		1	
874	26110	ins	0.00 1484	1		
874	26110	fus	0.00 1644	1		
874	26110	rap	1.38 3084		1	
875	14938	fus	0.00 1472	1		
875	14938	ins	0.00 1376			1
875	14938	rap	0.45 2304		1	
876	2661	fus	0.00 1324	1		
876	2661	ins	0.00 1204	1		
876	2661	rap	0.01 1360		1	
877	15810	fus	0.00 1488	1		
877	15810	ins	0.00 1324	1		
877	15810	rap	0.52 2344		1	
878	20607	ins	0.00 1444			1
878	20607	fus	0.00 1580	1		
878	20607	rap	0.87 2676		1	
879	1514	ins	0.00 1248			1
879	1514	fus	0.00 1260			1
879	1514	rap	0.00 1368		1	
880	29202	ins	0.00 1488			
880	29202	fus	0.00 1696	1		
880	29202	rap	1.76 3228		1	
881	19108	ins	0.00 1404	1		
881	19108	fus	0.00 1540	1		
881	19108	rap	0.75 2472		1	
882	6510	ins	0.00 1300	1		
882	6510	fus	0.00 1388	1		
882	6510	rap	0.09 1656		1	
883	11381	ins	0.00 1324			1
883	11381	fus	0.00 1488			1
883	11381	rap	0.27 2080		1	
884	31434	fus	0.00 1780			1
884	31434	ins	0.00 1520			1
884	31434	rap	2.03 3492		1	
885	3108	fus	0.00 1316	1		
885	3108	ins	0.00 1260	1		
885	3108	rap	0.02 1500		1	
886	21641	fus	0.00 1580	1		
886	21641	ins	0.00 1428	1		
886	21641	rap	0.96 2776		1	
887	19081	ins	0.00 1324	1		
887	19081	fus	0.00 1576	1		
887	19081	rap	0.74 2596		1	
888	1354	ins	0.00 1272			
888	1354	fus	0.00 1312			
888	1354	rap	0.00 1284		1	
889	7287	ins	0.00 1348			1
889	7287	fus	0.00 1432			1
889	7287	rap	0.11 1736		1	
890	27729	fus	0.00 1672	1		
890	27729	ins	0.00 1452	1		
890	27729	rap	1.57 3144		1	
891	31009	ins	0.00 1420	1		
891	31009	fus	0.00 1720	1		
891	31009	rap	1.99 3356		1	
892	5005	ins	0.00 1216			1
892	5005	fus	0.00 1264	1		
892	5005	rap	0.05 1604		1	
893	20225	fus	0.00 1552	1		
893	20225	ins	0.00 1392			1
893	20225	rap	0.84 2692		1	
894	26605	fus	0.00 1656	1		
894	26605	ins	0.00 1464	1		
894	26605	rap	1.46 3052		1	
895	6080	ins	0.00 1248			1
895	6080	fus	0.00 1400			1
895	6080	rap	0.07 1688		1	
896	30015	ins	0.00 1492			1
896	30015	fus	0.00 1760	1		
896	30015	rap	1.85 3296		1	
897	21785	ins	0.00 1372			1
897	21785	fus	0.00 1616	1		
897	21785	rap	0.97 2804		1	
898	8969	fus	0.00 1376	1		
898	8969	ins	0.00 1324	1		
898	8969	rap	0.17 1920		1	
899	27425	ins	0.00 1468			1
899	27425	fus	0.00 1688	1		
899	27425	rap	1.59 3124		1	
900	32513	fus	0.00 1788			
900	32513	ins	0.00 1540			
900	32513	rap	2.19 3512		1	
901	26081	fus	0.00 1664			1
901	26081	ins	0.00 1492			1
901	26081	rap	1.40 3100		1	
902	25374	ins	0.00 1480			1
902	25374	fus	0.00 1668	1		
902	25374	rap	1.32 2912		1	
903	6976	fus	0.00 1292	1		
903	6976	ins	0.00 1288	1		
903	6976	rap	0.10 1744		1	
904	23035	ins	0.00 1412			1
904	23035	fus	0.00 1600	1		
904	23035	rap	1.10 2796		1	
905	12706	ins	0.00 1396			1
905	12706	fus	0.00 1436	1		
905	12706	rap	0.33 2172		1	
906	14836	ins	0.00 1316	1		
906	14836	fus	0.00 1552	1		
906	14836	rap	0.45 2168		1	
907	4410	ins	0.00 1232			1
907	4410	fus	0.00 1348	1		
907	4410	rap	0.04 1600		1	
908	17712	fus	0.00 1636	1		
908	17712	ins	0.00 1340			1
908	17712	rap	0.65 2496		1	
909	6469	ins	0.00 1232			1
909	6469	fus	0.00 1332	1		
909	6469	rap	0.09 1732		1	
910	17705	ins	0.00 1320			1
910	17705	fus	0.00 1516	1		
910	17705	rap	0.64 2480		1	
911	20352	fus	0.00 1604			1
911	20352	ins	0.00 1432			1
911	20352	rap	0.85 2680		1	
912	5380	ins	0.00 1236	1		
912	5380	fus	0.00 1388	1		
912	5380	rap	0.06 1568		1	
913	31741	ins	0.00 1420			1
913	31741	fus	0.00 1764	1		
913	31741	rap	2.10 3428		1	
914	28133	ins	0.00 1472	1		
914	28133	fus	0.00 1696	1		
914	28133	rap	1.74 3172		1	
915	6050	ins	0.00 1320	1		
915	6050	fus	0.00 1280	1		
915	6050	rap	0.07 1652		1	
916	15982	fus	0.00 1524			1
916	15982	ins	0.00 1352			1
916	15982	rap	0.64 2372		1	
917	23719	ins	0.00 1384			1
917	23719	fus	0.00 1640	1		
917	23719	rap	1.24 2956		1	
918	4770	ins	0.00 1160	1		
918	4770	fus	0.00 1396	1		
918	4770	rap	0.04 1508		1	
919	3851	fus	0.00 1316	1		
919	3851	ins	0.00 1228	1		
919	3851	rap	0.03 1552		1	
920	26691	ins	0.00 1340			1
920	26691	fus	0.00 1704	1		
920	26691	rap	1.46 3164		1	
921	12835	ins	0.00 1396			1
921	12835	fus	0.00 1508	1		
921	12835	rap	0.34 2168		1	
922	27151	fus	0.00 1716			1
922	27151	ins	0.00 1344			1
922	27151	rap	1.51 3180		1	
923	9768	ins	0.00 1248	1		
923	9768	fus	0.00 1444	1		
923	9768	rap	0.19 1932		1	
924	25936	ins	0.00 1488			1
924	25936	fus	0.00 1728	1		
924	25936	rap	1.40 3076		1	
925	17132	ins	0.00 1424			1
925	17132	fus	0.00 1584	1		
925	17132	rap	0.71 2332		1	
926	17068	fus	0.00 1560			1
926	17068	ins	0.00 1404			1
926	17068	rap	0.62 2392		1	
927	25278	fus	0.00 1756	1		
927	25278	ins	0.00 1472	1		
927	25278	rap	1.34 3060		1	
928	25081	ins	0.00 1492			1
928	25081	fus	0.00 1704	1		
928	25081	rap	1.28 3024		1	
929	17664	ins	0.00 1316			1
929	17664	fus	0.00 1588	1		
929	17664	rap	0.64 2492		1	
930	19772	fus	0.00 1596	1		
930	19772	ins	0.00 1356	1		
930	19772	rap	0.80 2676		1	
931	18536	ins	0.00 1384			1
931	18536	fus	0.00 1636	1		
931	18536	rap	0.70 2480		1	
932	20694	ins	0.00 1392			1
932	20694	fus	0.00 1648	1		
932	20694	rap	0.88 2580		1	
933	12711	fus	0.00 1484	1		
933	12711	ins	0.00 1336	1		
933	12711	rap	0.33 2144		1	
934	9874	fus	0.00 1444	1		
934	9874	ins	0.00 1256	1		
934	9874	rap	0.20 1924		1	
935	26601	ins	0.00 1388			1
935	26601	fus	0.00 1696	1		
935	26601	rap	1.47 3120		1	
936	14878	ins	0.00 1412			1
936	14878	fus	0.00 1472			1
936	14878	rap	0.46 2224		1	
937	20555	ins	0.00 1360			1
937	20555	fus	0.00 1636	1		
937	20555	rap	0.87 2732		1	
938	9796	ins	0.00 1272			1
938	9796	fus	0.00 1508			1
938	9796	rap	0.20 1880		1	
939	32020	fus	0.00 1780	1		
939	32020	ins	0.00 1548	1		
939	32020	rap	2.14 3540		1	
940	31002	fus	0.00 1720	1		
940	31002	ins	0.00 1528			1
940	31002	rap	1.98 3360		1	
941	22308	ins	0.00 1376			1
941	22308	fus	0.00 1584	1		
941	22308	rap	1.04 2848		1	
942	22678	ins	0.00 1464			1
942	22678	fus	0.00 1640	1		
942	22678	rap	1.06 2868		1	
943	13870	fus	0.00 1488	1		
943	13870	ins	0.00 1364	1		
943	13870	rap	0.39 2224		1	
944	11645	fus	0.00 1460	1		
944	11645	ins	0.00 1292	1		
944	11645	rap	0.28 2012		1	
945	5943	ins	0.00 1236	1		
945	5943	fus	0.00 1448	1		
945	5943	rap	0.07 1588		1	
946	25285	ins	0.00 1380			1
946	25285	fus	0.00 1652			1
946	25285	rap	1.31 2956		1	
947	9635	ins	0.00 1340	1		
947	9635	fus	0.00 1420	1		
947	9635	rap	0.19 1856		1	
948	6304	ins	0.00 1332	1		
948	6304	fus	0.00 1412	1		
948	6304	rap	0.08 1672		1	
949	27570	fus	0.00 1668			1
949	27570	ins	0.00 1444			1
949	27570	rap	1.56 3196		1	
950	13066	ins	0.00 1276			1
950	13066	fus	0.00 1436			1
950	13066	rap	0.35 2200		1	
951	6529	fus	0.00 1460			1
951	6529	ins	0.00 1316			1
951	6529	rap	0.09 1724		1	
952	6636	ins	0.00 1348			1
952	6636	fus	0.00 1420	1		
952	6636	rap	0.09 1736		1	
953	825	fus	0.00 1324	1		
953	825	rap	0.00 1252			1
953	825	ins	0.00 1284			1
954	15516	ins	0.00 1316			1
954	15516	fus	0.00 1532	1		
954	15516	rap	0.50 2348		1	
955	24536	ins	0.00 1448	1		
955	24536	fus	0.00 1616	1		
955	24536	rap	1.24 2900		1	
956	168	rap	0.00 1288			1
956	168	ins	0.00 1264			1
956	168	fus	0.00 1244			1
957	18993	fus	0.00 1620	1		
957	18993	ins	0.00 1416	1		
957	18993	rap	0.75 2600		1	
958	3944	fus	0.00 1384	1		
958	3944	ins	0.00 1268	1		
958	3944	rap	0.03 1528		1	
959	10024	ins	0.00 1332	1		
959	10024	fus	0.00 1436	1		
959	10024	rap	0.21 1972		1	
960	28	rap	0.00 1272			1
960	28	fus	0.00 1260			1
960	28	ins	0.00 1176			1
961	20274	ins	0.00 1432			1
961	20274	fus	0.00 1624			1
961	20274	rap	0.90 2696		1	
962	5611	ins	0.00 1224			1
962	5611	fus	0.00 1400	1		
962	5611	rap	0.07 1628		1	
963	14787	ins	0.00 1412			1
963	14787	fus	0.00 1508	1		
963	14787	rap	0.46 2168		1	
964	537	rap	0.00 1296		1	
964	537	ins	0.00 1232		1	
964	537	fus	0.00 1288		1	
965	2805	ins	0.00 1212	1		
965	2805	fus	0.00 1348	1		
965	2805	rap	0.02 1320		1	
966	1724	fus	0.00 1308			1
966	1724	ins	0.00 1296			1
966	1724	rap	0.00 1400		1	
967	19293	ins	0.00 1440			1
967	19293	fus	0.00 1488	1		
967	19293	rap	0.77 2484		1	
968	30591	ins	0.00 1492			1
968	30591	fus	0.00 1736	1		
968	30591	rap	1.90 3412		1	
969	25030	ins	0.00 1484			1
969	25030	fus	0.00 1648	1		
969	25030	rap	1.30 2992		1	
970	17007	ins	0.00 1420	1		
970	17007	fus	0.00 1544	1		
970	17007	rap	0.60 2376		1	
971	12826	fus	0.00 1460	1		
971	12826	ins	0.00 1356			1
971	12826	rap	0.34 2072		1	
972	7915	ins	0.00 1296			1
972	7915	fus	0.00 1360	1		
972	7915	rap	0.13 1836		1	
973	4326	ins	0.00 1260			1
973	4326	fus	0.00 1252	1		
973	4326	rap	0.04 1580		1	
974	8775	ins	0.00 1264			1
974	8775	fus	0.00 1372	1		
974	8775	rap	0.16 1864		1	
975	4560	fus	0.00 1348	1		
975	4560	ins	0.00 1320	1		
975	4560	rap	0.04 1612		1	
976	5760	fus	0.00 1364	1		
976	5760	ins	0.00 1328	1		
976	5760	rap	0.07 1656		1	
977	369	fus	0.00 1240		1	
977	369	rap	0.00 1152		1	
977	369	ins	0.00 1276		1	
978	31552	ins	0.00 1432			1
978	31552	fus	0.00 1784	1		
978	31552	rap	2.04 3400		1	
979	19903	fus	0.00 1600			1
979	19903	ins	0.00 1420			1
979	19903	rap	0.80 2572		1	
980	21601	ins	0.00 1352	1		
980	21601	fus	0.00 1628	1		
980	21601	rap	0.96 2744		1	
981	32573	fus	0.00 1820	1		
981	32573	ins	0.00 1436	1		
981	32573	rap	2.18 3464		1	
982	14660	ins	0.00 1344	1		
982	14660	fus	0.00 1580	1		
982	14660	rap	0.44 2324		1	
983	31840	fus	0.00 1816	1		
983	31840	ins	0.00 1420	1		
983	31840	rap	2.08 3436		1	
984	11237	ins	0.00 1324	1		
984	11237	fus	0.00 1452	1		
984	11237	rap	0.26 2012		1	
985	4338	fus	0.00 1356			1
985	4338	ins	0.00 1232			1
985	4338	rap	0.04 1556		1	
986	21077	ins	0.00 1364			1
986	21077	fus	0.00 1572	1		
986	21077	rap	0.92 2680		1	
987	28629	fus	0.00 1680	1		
987	28629	ins	0.00 1504			1
987	28629	rap	1.68 3264		1	
988	10358	ins	0.00 1308	1		
988	10358	fus	0.00 1420	1		
988	10358	rap	0.22 2020		1	
989	2554	fus	0.00 1292	1		
989	2554	ins	0.00 1284	1		
989	2554	rap	0.01 1464		1	
990	13652	ins	0.00 1332			1
990	13652	fus	0.00 1496	1		
990	13652	rap	0.38 2208		1	
991	16785	fus	0.00 1584	1		
991	16785	ins	0.00 1308			1
991	16785	rap	0.58 2352		1	
992	19004	fus	0.00 1612	1		
992	19004	ins	0.00 1348	1		
992	19004	rap	0.74 2536		1	
993	20425	fus	0.00 1552			
993	20425	ins	0.00 1340			
993	20425	rap	0.86 2712		1	
994	24051	fus	0.00 1700			1
994	24051	ins	0.00 1484			1
994	24051	rap	1.20 2888		1	
995	9249	fus	0.00 1436			1
995	9249	ins	0.00 1368			1
995	9249	rap	0.18 1908		1	
996	6661	ins	0.00 1276			1
996	6661	fus	0.00 1392	1		
996	6661	rap	0.10 1716		1	
997	28325	fus	0.00 1804	1		
997	28325	ins	0.00 1420			1
997	28325	rap	1.64 3220		1	
998	21688	ins	0.00 1300			1
998	21688	fus	0.00 1596			1
998	21688	rap	0.96 2724		1	
999	19382	ins	0.00 1428			1
999	19382	fus	0.00 1616			1
999	19382	rap	0.80 2588		1	
1000	19389	ins	0.00 1448	1		
1000	19389	fus	0.00 1592	1		
1000	19389	rap	0.79 2632		1	
