test	taille	exe	exectime	memory	mmm
1	9703	insCroi	0.00 1252	1
1	9703	insAlea	0.08 1276	1
1	9703	insDec	0.15 1548	1
2	30452	insCroi	0.00 1420	1
2	30452	insAlea	0.71 1420	1
2	30452	insDec	1.41 1636	1
3	3491	insCroi	0.00 1228	1
3	3491	insAlea	0.00 1204	1
3	3491	insDec	0.02 1424	1
4	31056	insCroi	0.00 1440	1
4	31056	insAlea	0.74 1524	1
4	31056	insDec	1.46 1696	1
5	11534	insCroi	0.00 1372	1
5	11534	insAlea	0.10 1264	1
5	11534	insDec	0.20 1484	1
6	2086	insCroi	0.00 1308	1
6	2086	insDec	0.00 1476	1
6	2086	insAlea	0.00 1296	1
7	13767	insCroi	0.00 1376	1
7	13767	insAlea	0.16 1368	1
7	13767	insDec	0.29 1572	1
8	21798	insCroi	0.00 1372	1
8	21798	insAlea	0.38 1448	1
8	21798	insDec	0.74 1644	1
9	29022	insCroi	0.00 1420	1
9	29022	insAlea	0.65 1520	1
9	29022	insDec	1.28 1620	1
10	12515	insCroi	0.00 1348	1
10	12515	insAlea	0.12 1364	1
10	12515	insDec	0.24 1540	1
11	16578	insCroi	0.00 1324	1
11	16578	insAlea	0.21 1408	1
11	16578	insDec	0.42 1520	1
12	13076	insCroi	0.00 1384	1
12	13076	insAlea	0.13 1384	1
12	13076	insDec	0.26 1652	1
13	19402	insCroi	0.00 1420	1
13	19402	insAlea	0.30 1384	1
13	19402	insDec	0.58 1460	1
14	8252	insCroi	0.00 1248	1
14	8252	insAlea	0.05 1320	1
14	8252	insDec	0.10 1452	1
15	7774	insCroi	0.00 1260	1
15	7774	insAlea	0.04 1292	1
15	7774	insDec	0.09 1540	1
16	25169	insCroi	0.00 1452	1
16	25169	insAlea	0.51 1460	1
16	25169	insDec	0.99 1644	1
17	1420	insCroi	0.00 1236	1
17	1420	insAlea	0.00 1300	1
17	1420	insDec	0.00 1404	1
18	29480	insCroi	0.00 1452	1
18	29480	insAlea	0.68 1500	1
18	29480	insDec	1.34 1712	1
19	30150	insCroi	0.00 1492	1
19	30150	insAlea	0.74 1488	1
19	30150	insDec	1.42 1720	1
20	22767	insCroi	0.00 1440	1
20	22767	insAlea	0.40 1472	1
20	22767	insDec	0.80 1492	1
21	32075	insCroi	0.00 1508	1
21	32075	insAlea	0.79 1500	1
21	32075	insDec	1.58 1644	1
22	9059	insCroi	0.00 1352	1
22	9059	insAlea	0.08 1332	1
22	9059	insDec	0.14 1504	1
23	26067	insCroi	0.00 1480	1
23	26067	insAlea	0.53 1388	1
23	26067	insDec	1.04 1688	1
24	21708	insCroi	0.00 1460	1
24	21708	insAlea	0.37 1464	1
24	21708	insDec	0.72 1664	1
25	25314	insCroi	0.00 1480	1
25	25314	insAlea	0.50 1476	1
25	25314	insDec	0.99 1580	1
26	3338	insCroi	0.00 1308	1
26	3338	insAlea	0.00 1256	1
26	3338	insDec	0.01 1332	1
27	11261	insCroi	0.00 1268	1
27	11261	insAlea	0.11 1320	1
27	11261	insDec	0.20 1472	1
28	19726	insCroi	0.00 1380	1
28	19726	insAlea	0.29 1416	1
28	19726	insDec	0.58 1632	1
29	5580	insCroi	0.00 1324	1
29	5580	insAlea	0.02 1168	1
29	5580	insDec	0.05 1520	1
30	23640	insCroi	0.00 1448	1
30	23640	insAlea	0.43 1312	1
30	23640	insDec	0.86 1572	1
31	13051	insCroi	0.00 1352	1
31	13051	insAlea	0.16 1320	1
31	13051	insDec	0.28 1584	1
32	15138	insCroi	0.00 1240	1
32	15138	insAlea	0.18 1372	1
32	15138	insDec	0.36 1512	1
33	23233	insCroi	0.00 1364	1
33	23233	insAlea	0.43 1440	1
33	23233	insDec	0.84 1568	1
34	24850	insCroi	0.00 1388	1
34	24850	insAlea	0.48 1316	1
34	24850	insDec	0.95 1668	1
35	5113	insCroi	0.00 1292	1
35	5113	insAlea	0.02 1272	1
35	5113	insDec	0.04 1484	1
36	27	insAlea	0.00 1224	1
36	27	insCroi	0.00 1200	1
36	27	insDec	0.00 1392	1
37	7576	insCroi	0.00 1236	1
37	7576	insAlea	0.04 1260	1
37	7576	insDec	0.09 1496	1
38	15475	insCroi	0.00 1300	1
38	15475	insAlea	0.21 1380	1
38	15475	insDec	0.39 1564	1
39	30165	insCroi	0.00 1496	1
39	30165	insAlea	0.70 1492	1
39	30165	insDec	1.39 1708	1
40	10848	insCroi	0.00 1260	1
40	10848	insAlea	0.09 1308	1
40	10848	insDec	0.19 1520	1
41	23401	insCroi	0.00 1308	1
41	23401	insAlea	0.42 1380	1
41	23401	insDec	0.84 1736	1
42	30978	insCroi	0.00 1528	1
42	30978	insAlea	0.80 1424	1
42	30978	insDec	1.50 1724	1
43	10346	insCroi	0.00 1276	1
43	10346	insAlea	0.09 1264	1
43	10346	insDec	0.17 1528	1
44	32234	insCroi	0.00 1544	1
44	32234	insAlea	0.80 1508	1
44	32234	insDec	1.60 1564	1
45	14425	insCroi	0.00 1404	1
45	14425	insAlea	0.17 1292	1
45	14425	insDec	0.34 1420	1
46	142	insDec	0.00 1436	1
46	142	insCroi	0.00 1200	1
46	142	insAlea	0.00 1192	1
47	14306	insCroi	0.00 1336	1
47	14306	insAlea	0.16 1304	1
47	14306	insDec	0.32 1560	1
48	29430	insCroi	0.00 1508	1
48	29430	insAlea	0.67 1428	1
48	29430	insDec	1.32 1784	1
49	12314	insCroi	0.00 1272	1
49	12314	insAlea	0.12 1380	1
49	12314	insDec	0.23 1568	1
50	17480	insCroi	0.00 1400	1
50	17480	insAlea	0.25 1416	1
50	17480	insDec	0.49 1584	1
51	4806	insCroi	0.00 1212	1
51	4806	insAlea	0.01 1212	1
51	4806	insDec	0.03 1516	1
52	21621	insCroi	0.00 1372	1
52	21621	insAlea	0.37 1352	1
52	21621	insDec	0.72 1624	1
53	2063	insCroi	0.00 1308	1
53	2063	insAlea	0.00 1200	1
53	2063	insDec	0.00 1500	1
54	26551	insCroi	0.00 1432	1
54	26551	insAlea	0.55 1500	1
54	26551	insDec	1.09 1660	1
55	30529	insCroi	0.00 1468	1
55	30529	insAlea	0.74 1440	1
55	30529	insDec	1.45 1712	1
56	5451	insCroi	0.00 1296	1
56	5451	insAlea	0.02 1216	1
56	5451	insDec	0.06 1520	1
57	14040	insCroi	0.00 1284	1
57	14040	insAlea	0.18 1332	1
57	14040	insDec	0.34 1600	1
58	31355	insCroi	0.00 1428	1
58	31355	insAlea	0.75 1372	1
58	31355	insDec	1.50 1692	1
59	18354	insCroi	0.00 1344	1
59	18354	insAlea	0.27 1344	1
59	18354	insDec	0.52 1596	1
60	18717	insCroi	0.00 1380	1
60	18717	insAlea	0.27 1344	1
60	18717	insDec	0.53 1540	1
61	23505	insCroi	0.00 1408	1
61	23505	insAlea	0.42 1452	1
61	23505	insDec	0.84 1660	1
62	11324	insCroi	0.00 1264	1
62	11324	insAlea	0.10 1344	1
62	11324	insDec	0.20 1572	1
63	16646	insCroi	0.00 1328	1
63	16646	insAlea	0.21 1408	1
63	16646	insDec	0.42 1520	1
64	15743	insCroi	0.00 1316	1
64	15743	insAlea	0.19 1348	1
64	15743	insDec	0.38 1436	1
65	3860	insCroi	0.00 1296	1
65	3860	insAlea	0.01 1212	1
65	3860	insDec	0.02 1504	1
66	2225	insCroi	0.00 1140	1
66	2225	insAlea	0.00 1272	1
66	2225	insDec	0.00 1568	1
67	23176	insCroi	0.00 1364	1
67	23176	insAlea	0.43 1368	1
67	23176	insDec	0.84 1736	1
68	20664	insCroi	0.00 1340	1
68	20664	insAlea	0.34 1412	1
68	20664	insDec	0.66 1556	1
69	1661	insCroi	0.00 1288	1
69	1661	insAlea	0.00 1272	1
69	1661	insDec	0.00 1324	1
70	21986	insCroi	0.00 1368	1
70	21986	insAlea	0.37 1432	1
70	21986	insDec	0.74 1612	1
71	12975	insCroi	0.00 1376	1
71	12975	insAlea	0.13 1372	1
71	12975	insDec	0.26 1548	1
72	21963	insCroi	0.00 1440	1
72	21963	insAlea	0.37 1400	1
72	21963	insDec	0.74 1620	1
73	21746	insCroi	0.00 1452	1
73	21746	insAlea	0.36 1432	1
73	21746	insDec	0.73 1724	1
74	8713	insCroi	0.00 1248	1
74	8713	insAlea	0.05 1292	1
74	8713	insDec	0.12 1500	1
75	11418	insCroi	0.00 1268	1
75	11418	insAlea	0.10 1272	1
75	11418	insDec	0.20 1476	1
76	30914	insCroi	0.00 1520	1
76	30914	insAlea	0.77 1536	1
76	30914	insDec	1.52 1696	1
77	23060	insCroi	0.00 1468	1
77	23060	insAlea	0.47 1408	1
77	23060	insDec	0.90 1628	1
78	1452	insDec	0.00 1392	1
78	1452	insCroi	0.00 1264	1
78	1452	insAlea	0.00 1304	1
79	5064	insCroi	0.00 1164	1
79	5064	insAlea	0.03 1288	1
79	5064	insDec	0.05 1428	1
80	28910	insCroi	0.00 1484	1
80	28910	insAlea	0.70 1404	1
80	28910	insDec	1.33 1700	1
81	28085	insCroi	0.00 1500	1
81	28085	insAlea	0.62 1472	1
81	28085	insDec	1.21 1656	1
82	10657	insCroi	0.00 1376	1
82	10657	insAlea	0.08 1264	1
82	10657	insDec	0.18 1528	1
83	10805	insCroi	0.00 1208	1
83	10805	insAlea	0.13 1284	1
83	10805	insDec	0.21 1572	1
84	21922	insCroi	0.00 1440	1
84	21922	insAlea	0.40 1292	1
84	21922	insDec	0.80 1636	1
85	15094	insCroi	0.00 1240	1
85	15094	insAlea	0.19 1368	1
85	15094	insDec	0.38 1604	1
86	12409	insCroi	0.00 1372	1
86	12409	insAlea	0.11 1216	1
86	12409	insDec	0.24 1580	1
87	9820	insCroi	0.00 1272	1
87	9820	insAlea	0.07 1324	1
87	9820	insDec	0.15 1520	1
88	15476	insCroi	0.00 1388	1
88	15476	insAlea	0.19 1380	1
88	15476	insDec	0.38 1508	1
89	764	insCroi	0.00 1200	1
89	764	insAlea	0.00 1180	1
89	764	insDec	0.00 1556	1
90	9525	insCroi	0.00 1248	1
90	9525	insAlea	0.07 1268	1
90	9525	insDec	0.14 1464	1
91	1848	insCroi	0.00 1244	1
91	1848	insAlea	0.00 1276	1
91	1848	insDec	0.00 1472	1
92	18447	insCroi	0.00 1400	1
92	18447	insAlea	0.28 1380	1
92	18447	insDec	0.56 1584	1
93	550	insDec	0.00 1400	1
93	550	insAlea	0.00 1180	1
93	550	insCroi	0.00 1200	1
94	22900	insCroi	0.00 1456	1
94	22900	insAlea	0.40 1360	1
94	22900	insDec	0.82 1652	1
95	2915	insAlea	0.00 1220	1
95	2915	insCroi	0.00 1204	1
95	2915	insDec	0.01 1500	1
96	26844	insCroi	0.00 1504	1
96	26844	insAlea	0.57 1388	1
96	26844	insDec	1.11 1692	1
97	30116	insCroi	0.00 1516	1
97	30116	insAlea	0.70 1436	1
97	30116	insDec	1.39 1672	1
98	15767	insCroi	0.00 1300	1
98	15767	insAlea	0.19 1244	1
98	15767	insDec	0.39 1436	1
99	12274	insCroi	0.00 1364	1
99	12274	insAlea	0.13 1384	1
99	12274	insDec	0.26 1488	1
100	31162	insCroi	0.00 1508	1
100	31162	insAlea	0.82 1424	1
100	31162	insDec	1.56 1720	1
