test	taille	tri	tableau	exectime	memory
1	28651		croissant	0.00 1196
1	28651		decroissant	0.00 1216
1	28651		triPartiel	0.00 1184
1	28651		croissant	0.00 1168
1	28651		decroissant	0.00 1220
1	28651		triPartiel	0.00 1176
2	19085		croissant	0.00 1216
2	19085		decroissant	0.00 1196
2	19085		triPartiel	0.00 1184
2	19085		croissant	0.00 1196
2	19085		decroissant	0.00 1184
2	19085		triPartiel	0.00 1172
3	11629		croissant	0.00 1184
3	11629		decroissant	0.00 1204
3	11629		triPartiel	0.00 1180
3	11629		croissant	0.00 1172
3	11629		decroissant	0.00 1248
3	11629		triPartiel	0.00 1160
4	3511		croissant	0.00 1180
4	3511		decroissant	0.00 1176
4	3511		triPartiel	0.00 1212
4	3511		croissant	0.00 1204
4	3511		decroissant	0.00 1184
4	3511		triPartiel	0.00 1228
5	12913		croissant	0.00 1160
5	12913		decroissant	0.00 1180
5	12913		triPartiel	0.00 1168
5	12913		croissant	0.00 1220
5	12913		decroissant	0.00 1212
5	12913		triPartiel	0.00 1252
6	29800		croissant	0.00 1204
6	29800		decroissant	0.00 1256
6	29800		triPartiel	0.00 1212
6	29800		croissant	0.00 1248
6	29800		decroissant	0.00 1220
6	29800		triPartiel	0.00 1248
7	29676		croissant	0.00 1180
7	29676		decroissant	0.00 1168
7	29676		triPartiel	0.00 1160
7	29676		croissant	0.00 1184
7	29676		decroissant	0.00 1176
7	29676		triPartiel	0.00 1252
8	28592		croissant	0.00 1252
8	28592		decroissant	0.00 1180
8	28592		triPartiel	0.00 1252
8	28592		croissant	0.00 1168
8	28592		decroissant	0.00 1256
8	28592		triPartiel	0.00 1180
9	2839		croissant	0.00 1220
9	2839		decroissant	0.00 1256
9	2839		triPartiel	0.00 1196
9	2839		croissant	0.00 1256
9	2839		decroissant	0.00 1176
9	2839		triPartiel	0.00 1216
10	13667		croissant	0.00 1248
10	13667		decroissant	0.00 1172
10	13667		triPartiel	0.00 1168
10	13667		croissant	0.00 1196
10	13667		decroissant	0.00 1216
10	13667		triPartiel	0.00 1228
11	19134		croissant	0.00 1184
11	19134		decroissant	0.00 1216
11	19134		triPartiel	0.00 1248
11	19134		croissant	0.00 1160
11	19134		decroissant	0.00 1216
11	19134		triPartiel	0.00 1180
12	18075		croissant	0.00 1160
12	18075		decroissant	0.00 1160
12	18075		triPartiel	0.00 1172
12	18075		croissant	0.00 1256
12	18075		decroissant	0.00 1168
12	18075		triPartiel	0.00 1212
13	4914		croissant	0.00 1176
13	4914		decroissant	0.00 1216
13	4914		triPartiel	0.00 1184
13	4914		croissant	0.00 1160
13	4914		decroissant	0.00 1180
13	4914		triPartiel	0.00 1172
14	23361		croissant	0.00 1252
14	23361		decroissant	0.00 1248
14	23361		triPartiel	0.00 1252
14	23361		croissant	0.00 1212
14	23361		decroissant	0.00 1172
14	23361		triPartiel	0.00 1196
15	21020		croissant	0.00 1172
15	21020		decroissant	0.00 1196
15	21020		triPartiel	0.00 1184
15	21020		croissant	0.00 1192
15	21020		decroissant	0.00 1220
15	21020		triPartiel	0.00 1252
16	28975		croissant	0.00 1184
16	28975		decroissant	0.00 1180
16	28975		triPartiel	0.00 1176
16	28975		croissant	0.00 1192
16	28975		decroissant	0.00 1252
16	28975		triPartiel	0.00 1228
17	4626		croissant	0.00 1196
17	4626		decroissant	0.00 1252
17	4626		triPartiel	0.00 1204
17	4626		croissant	0.00 1216
17	4626		decroissant	0.00 1220
17	4626		triPartiel	0.00 1180
18	2364		croissant	0.00 1248
18	2364		decroissant	0.00 1180
18	2364		triPartiel	0.00 1256
18	2364		croissant	0.00 1180
18	2364		decroissant	0.00 1252
18	2364		triPartiel	0.00 1180
19	7290		croissant	0.00 1168
19	7290		decroissant	0.00 1244
19	7290		triPartiel	0.00 1244
19	7290		croissant	0.00 1220
19	7290		decroissant	0.00 1216
19	7290		triPartiel	0.00 1184
20	12162		croissant	0.00 1252
20	12162		decroissant	0.00 1176
20	12162		triPartiel	0.00 1196
20	12162		croissant	0.00 1172
20	12162		decroissant	0.00 1168
20	12162		triPartiel	0.00 1180
21	13980		croissant	0.00 1168
21	13980		decroissant	0.00 1160
21	13980		triPartiel	0.00 1248
21	13980		croissant	0.00 1192
21	13980		decroissant	0.00 1216
21	13980		triPartiel	0.00 1180
22	2351		croissant	0.00 1196
22	2351		decroissant	0.00 1172
22	2351		triPartiel	0.00 1212
22	2351		croissant	0.00 1228
22	2351		decroissant	0.00 1228
22	2351		triPartiel	0.00 1212
23	9901		croissant	0.00 1220
23	9901		decroissant	0.00 1224
23	9901		triPartiel	0.00 1204
23	9901		croissant	0.00 1160
23	9901		decroissant	0.00 1184
23	9901		triPartiel	0.00 1252
24	27665		croissant	0.00 1256
24	27665		decroissant	0.00 1248
24	27665		triPartiel	0.00 1252
24	27665		croissant	0.00 1216
24	27665		decroissant	0.00 1176
24	27665		triPartiel	0.00 1184
25	9444		croissant	0.00 1252
25	9444		decroissant	0.00 1252
25	9444		triPartiel	0.00 1168
25	9444		croissant	0.00 1192
25	9444		decroissant	0.00 1196
25	9444		triPartiel	0.00 1192
26	10625		croissant	0.00 1192
26	10625		decroissant	0.00 1172
26	10625		triPartiel	0.00 1212
26	10625		croissant	0.00 1168
26	10625		decroissant	0.00 1212
26	10625		triPartiel	0.00 1252
27	1985		croissant	0.00 1196
27	1985		decroissant	0.00 1184
27	1985		triPartiel	0.00 1208
27	1985		croissant	0.00 1168
27	1985		decroissant	0.00 1168
27	1985		triPartiel	0.00 1228
28	25622		croissant	0.00 1220
28	25622		decroissant	0.00 1248
28	25622		triPartiel	0.00 1176
28	25622		croissant	0.00 1252
28	25622		decroissant	0.00 1172
28	25622		triPartiel	0.00 1256
29	2433		croissant	0.00 1212
29	2433		decroissant	0.00 1168
29	2433		triPartiel	0.00 1204
29	2433		croissant	0.00 1228
29	2433		decroissant	0.00 1212
29	2433		triPartiel	0.00 1172
30	14893		croissant	0.00 1204
30	14893		decroissant	0.00 1172
30	14893		triPartiel	0.00 1252
30	14893		croissant	0.00 1228
30	14893		decroissant	0.00 1216
30	14893		triPartiel	0.00 1172
31	15694		croissant	0.00 1168
31	15694		decroissant	0.00 1160
31	15694		triPartiel	0.00 1160
31	15694		croissant	0.00 1248
31	15694		decroissant	0.00 1220
31	15694		triPartiel	0.00 1208
32	7118		croissant	0.00 1180
32	7118		decroissant	0.00 1168
32	7118		triPartiel	0.00 1196
32	7118		croissant	0.00 1256
32	7118		decroissant	0.00 1196
32	7118		triPartiel	0.00 1196
33	13624		croissant	0.00 1216
33	13624		decroissant	0.00 1192
33	13624		triPartiel	0.00 1252
33	13624		croissant	0.00 1180
33	13624		decroissant	0.00 1204
33	13624		triPartiel	0.00 1216
34	14262		croissant	0.00 1172
34	14262		decroissant	0.00 1184
34	14262		triPartiel	0.00 1172
34	14262		croissant	0.00 1168
34	14262		decroissant	0.00 1176
34	14262		triPartiel	0.00 1176
35	26933		croissant	0.00 1216
35	26933		decroissant	0.00 1180
35	26933		triPartiel	0.00 1216
35	26933		croissant	0.00 1156
35	26933		decroissant	0.00 1192
35	26933		triPartiel	0.00 1252
36	18170		croissant	0.00 1172
36	18170		decroissant	0.00 1220
36	18170		triPartiel	0.00 1172
36	18170		croissant	0.00 1208
36	18170		decroissant	0.00 1196
36	18170		triPartiel	0.00 1204
37	2873		croissant	0.00 1228
37	2873		decroissant	0.00 1216
37	2873		triPartiel	0.00 1204
37	2873		croissant	0.00 1216
37	2873		decroissant	0.00 1172
37	2873		triPartiel	0.00 1216
38	5341		croissant	0.00 1172
38	5341		decroissant	0.00 1168
38	5341		triPartiel	0.00 1204
38	5341		croissant	0.00 1160
38	5341		decroissant	0.00 1184
38	5341		triPartiel	0.00 1248
39	2398		croissant	0.00 1180
39	2398		decroissant	0.00 1252
39	2398		triPartiel	0.00 1192
39	2398		croissant	0.00 1168
39	2398		decroissant	0.00 1216
39	2398		triPartiel	0.00 1168
40	19497		croissant	0.00 1180
40	19497		decroissant	0.00 1256
40	19497		triPartiel	0.00 1248
40	19497		croissant	0.00 1180
40	19497		decroissant	0.00 1196
40	19497		triPartiel	0.00 1168
41	27860		croissant	0.00 1160
41	27860		decroissant	0.00 1176
41	27860		triPartiel	0.00 1228
41	27860		croissant	0.00 1168
41	27860		decroissant	0.00 1172
41	27860		triPartiel	0.00 1220
42	10426		croissant	0.00 1172
42	10426		decroissant	0.00 1216
42	10426		triPartiel	0.00 1248
42	10426		croissant	0.00 1168
42	10426		decroissant	0.00 1212
42	10426		triPartiel	0.00 1160
43	28426		croissant	0.00 1172
43	28426		decroissant	0.00 1204
43	28426		triPartiel	0.00 1160
43	28426		croissant	0.00 1176
43	28426		decroissant	0.00 1180
43	28426		triPartiel	0.00 1244
44	8072		croissant	0.00 1224
44	8072		decroissant	0.00 1172
44	8072		triPartiel	0.00 1228
44	8072		croissant	0.00 1172
44	8072		decroissant	0.00 1168
44	8072		triPartiel	0.00 1192
45	20391		croissant	0.00 1256
45	20391		decroissant	0.00 1220
45	20391		triPartiel	0.00 1192
45	20391		croissant	0.00 1252
45	20391		decroissant	0.00 1168
45	20391		triPartiel	0.00 1180
46	12677		croissant	0.00 1196
46	12677		decroissant	0.00 1228
46	12677		triPartiel	0.00 1212
46	12677		croissant	0.00 1256
46	12677		decroissant	0.00 1180
46	12677		triPartiel	0.00 1216
47	18483		croissant	0.00 1196
47	18483		decroissant	0.00 1196
47	18483		triPartiel	0.00 1160
47	18483		croissant	0.00 1212
47	18483		decroissant	0.00 1192
47	18483		triPartiel	0.00 1176
48	17703		croissant	0.00 1164
48	17703		decroissant	0.00 1252
48	17703		triPartiel	0.00 1184
48	17703		croissant	0.00 1256
48	17703		decroissant	0.00 1220
48	17703		triPartiel	0.00 1228
49	19625		croissant	0.00 1192
49	19625		decroissant	0.00 1252
49	19625		triPartiel	0.00 1196
49	19625		croissant	0.00 1168
49	19625		decroissant	0.00 1216
49	19625		triPartiel	0.00 1188
50	9069		croissant	0.00 1252
50	9069		decroissant	0.00 1176
50	9069		triPartiel	0.00 1196
50	9069		croissant	0.00 1172
50	9069		decroissant	0.00 1208
50	9069		triPartiel	0.00 1172
51	28467		croissant	0.00 1256
51	28467		decroissant	0.00 1196
51	28467		triPartiel	0.00 1220
51	28467		croissant	0.00 1192
51	28467		decroissant	0.00 1184
51	28467		triPartiel	0.00 1248
52	15798		croissant	0.00 1196
52	15798		decroissant	0.00 1256
52	15798		triPartiel	0.00 1168
52	15798		croissant	0.00 1168
52	15798		decroissant	0.00 1256
52	15798		triPartiel	0.00 1212
53	17081		croissant	0.00 1180
53	17081		decroissant	0.00 1220
53	17081		triPartiel	0.00 1248
53	17081		croissant	0.00 1212
53	17081		decroissant	0.00 1240
53	17081		triPartiel	0.00 1228
54	21834		croissant	0.00 1196
54	21834		decroissant	0.00 1172
54	21834		triPartiel	0.00 1220
54	21834		croissant	0.00 1188
54	21834		decroissant	0.00 1196
54	21834		triPartiel	0.00 1168
55	10506		croissant	0.00 1248
55	10506		decroissant	0.00 1180
55	10506		triPartiel	0.00 1216
55	10506		croissant	0.00 1212
55	10506		decroissant	0.00 1212
55	10506		triPartiel	0.00 1156
56	32199		croissant	0.00 1220
56	32199		decroissant	0.00 1196
56	32199		triPartiel	0.00 1196
56	32199		croissant	0.00 1192
56	32199		decroissant	0.00 1192
56	32199		triPartiel	0.00 1168
57	18762		croissant	0.00 1216
57	18762		decroissant	0.00 1180
57	18762		triPartiel	0.00 1196
57	18762		croissant	0.00 1172
57	18762		decroissant	0.00 1244
57	18762		triPartiel	0.00 1156
58	14575		croissant	0.00 1168
58	14575		decroissant	0.00 1184
58	14575		triPartiel	0.00 1252
58	14575		croissant	0.00 1220
58	14575		decroissant	0.00 1256
58	14575		triPartiel	0.00 1184
59	31207		croissant	0.00 1256
59	31207		decroissant	0.00 1220
59	31207		triPartiel	0.00 1184
59	31207		croissant	0.00 1252
59	31207		decroissant	0.00 1180
59	31207		triPartiel	0.00 1212
60	29329		croissant	0.00 1228
60	29329		decroissant	0.00 1204
60	29329		triPartiel	0.00 1184
60	29329		croissant	0.00 1220
60	29329		decroissant	0.00 1180
60	29329		triPartiel	0.00 1252
61	18880		croissant	0.00 1252
61	18880		decroissant	0.00 1184
61	18880		triPartiel	0.00 1220
61	18880		croissant	0.00 1172
61	18880		decroissant	0.00 1180
61	18880		triPartiel	0.00 1228
62	13019		croissant	0.00 1168
62	13019		decroissant	0.00 1188
62	13019		triPartiel	0.00 1248
62	13019		croissant	0.00 1192
62	13019		decroissant	0.00 1160
62	13019		triPartiel	0.00 1212
63	183		croissant	0.00 1156
63	183		decroissant	0.00 1204
63	183		triPartiel	0.00 1192
63	183		croissant	0.00 1248
63	183		decroissant	0.00 1248
63	183		triPartiel	0.00 1184
64	14353		croissant	0.00 1256
64	14353		decroissant	0.00 1224
64	14353		triPartiel	0.00 1220
64	14353		croissant	0.00 1204
64	14353		decroissant	0.00 1208
64	14353		triPartiel	0.00 1200
65	9590		croissant	0.00 1228
65	9590		decroissant	0.00 1252
65	9590		triPartiel	0.00 1256
65	9590		croissant	0.00 1184
65	9590		decroissant	0.00 1168
65	9590		triPartiel	0.00 1180
66	10509		croissant	0.00 1228
66	10509		decroissant	0.00 1176
66	10509		triPartiel	0.00 1212
66	10509		croissant	0.00 1180
66	10509		decroissant	0.00 1168
66	10509		triPartiel	0.00 1168
67	12706		croissant	0.00 1184
67	12706		decroissant	0.00 1176
67	12706		triPartiel	0.00 1212
67	12706		croissant	0.00 1184
67	12706		decroissant	0.00 1256
67	12706		triPartiel	0.00 1184
68	15480		croissant	0.00 1228
68	15480		decroissant	0.00 1176
68	15480		triPartiel	0.00 1168
68	15480		croissant	0.00 1204
68	15480		decroissant	0.00 1180
68	15480		triPartiel	0.00 1216
69	18269		croissant	0.00 1188
69	18269		decroissant	0.00 1248
69	18269		triPartiel	0.00 1168
69	18269		croissant	0.00 1200
69	18269		decroissant	0.00 1196
69	18269		triPartiel	0.00 1248
70	20352		croissant	0.00 1184
70	20352		decroissant	0.00 1192
70	20352		triPartiel	0.00 1180
70	20352		croissant	0.00 1172
70	20352		decroissant	0.00 1184
70	20352		triPartiel	0.00 1220
71	10700		croissant	0.00 1228
71	10700		decroissant	0.00 1228
71	10700		triPartiel	0.00 1192
71	10700		croissant	0.00 1216
71	10700		decroissant	0.00 1168
71	10700		triPartiel	0.00 1192
72	27906		croissant	0.00 1252
72	27906		decroissant	0.00 1228
72	27906		triPartiel	0.00 1172
72	27906		croissant	0.00 1168
72	27906		decroissant	0.00 1192
72	27906		triPartiel	0.00 1204
73	21187		croissant	0.00 1168
73	21187		decroissant	0.00 1256
73	21187		triPartiel	0.00 1204
73	21187		croissant	0.00 1252
73	21187		decroissant	0.00 1192
73	21187		triPartiel	0.00 1172
74	11150		croissant	0.00 1180
74	11150		decroissant	0.00 1168
74	11150		triPartiel	0.00 1176
74	11150		croissant	0.00 1196
74	11150		decroissant	0.00 1180
74	11150		triPartiel	0.00 1180
75	9071		croissant	0.00 1248
75	9071		decroissant	0.00 1192
75	9071		triPartiel	0.00 1204
75	9071		croissant	0.00 1168
75	9071		decroissant	0.00 1248
75	9071		triPartiel	0.00 1200
76	8229		croissant	0.00 1256
76	8229		decroissant	0.00 1176
76	8229		triPartiel	0.00 1160
76	8229		croissant	0.00 1196
76	8229		decroissant	0.00 1192
76	8229		triPartiel	0.00 1176
77	4364		croissant	0.00 1212
77	4364		decroissant	0.00 1172
77	4364		triPartiel	0.00 1256
77	4364		croissant	0.00 1212
77	4364		decroissant	0.00 1220
77	4364		triPartiel	0.00 1172
78	27687		croissant	0.00 1204
78	27687		decroissant	0.00 1208
78	27687		triPartiel	0.00 1228
78	27687		croissant	0.00 1180
78	27687		decroissant	0.00 1196
78	27687		triPartiel	0.00 1172
79	16311		croissant	0.00 1216
79	16311		decroissant	0.00 1192
79	16311		triPartiel	0.00 1180
79	16311		croissant	0.00 1244
79	16311		decroissant	0.00 1212
79	16311		triPartiel	0.00 1212
80	17384		croissant	0.00 1248
80	17384		decroissant	0.00 1252
80	17384		triPartiel	0.00 1244
80	17384		croissant	0.00 1184
80	17384		decroissant	0.00 1168
80	17384		triPartiel	0.00 1196
81	31545		croissant	0.00 1212
81	31545		decroissant	0.00 1220
81	31545		triPartiel	0.00 1248
81	31545		croissant	0.00 1204
81	31545		decroissant	0.00 1204
81	31545		triPartiel	0.00 1256
82	3610		croissant	0.00 1216
82	3610		decroissant	0.00 1256
82	3610		triPartiel	0.00 1192
82	3610		croissant	0.00 1252
82	3610		decroissant	0.00 1252
82	3610		triPartiel	0.00 1184
83	32722		croissant	0.00 1196
83	32722		decroissant	0.00 1176
83	32722		triPartiel	0.00 1220
83	32722		croissant	0.00 1172
83	32722		decroissant	0.00 1188
83	32722		triPartiel	0.00 1256
84	24767		croissant	0.00 1244
84	24767		decroissant	0.00 1212
84	24767		triPartiel	0.00 1172
84	24767		croissant	0.00 1196
84	24767		decroissant	0.00 1220
84	24767		triPartiel	0.00 1248
85	20839		croissant	0.00 1160
85	20839		decroissant	0.00 1168
85	20839		triPartiel	0.00 1248
85	20839		croissant	0.00 1188
85	20839		decroissant	0.00 1168
85	20839		triPartiel	0.00 1164
86	30528		croissant	0.00 1180
86	30528		decroissant	0.00 1212
86	30528		triPartiel	0.00 1192
86	30528		croissant	0.00 1172
86	30528		decroissant	0.00 1160
86	30528		triPartiel	0.00 1172
87	14107		croissant	0.00 1168
87	14107		decroissant	0.00 1160
87	14107		triPartiel	0.00 1168
87	14107		croissant	0.00 1228
87	14107		decroissant	0.00 1184
87	14107		triPartiel	0.00 1248
88	8049		croissant	0.00 1196
88	8049		decroissant	0.00 1192
88	8049		triPartiel	0.00 1176
88	8049		croissant	0.00 1172
88	8049		decroissant	0.00 1168
88	8049		triPartiel	0.00 1252
89	30949		croissant	0.00 1164
89	30949		decroissant	0.00 1168
89	30949		triPartiel	0.00 1256
89	30949		croissant	0.00 1212
89	30949		decroissant	0.00 1184
89	30949		triPartiel	0.00 1184
90	9002		croissant	0.00 1192
90	9002		decroissant	0.00 1228
90	9002		triPartiel	0.00 1220
90	9002		croissant	0.00 1244
90	9002		decroissant	0.00 1184
90	9002		triPartiel	0.00 1204
91	26068		croissant	0.00 1192
91	26068		decroissant	0.00 1172
91	26068		triPartiel	0.00 1256
91	26068		croissant	0.00 1196
91	26068		decroissant	0.00 1220
91	26068		triPartiel	0.00 1196
92	5722		croissant	0.00 1172
92	5722		decroissant	0.00 1248
92	5722		triPartiel	0.00 1228
92	5722		croissant	0.00 1212
92	5722		decroissant	0.00 1212
92	5722		triPartiel	0.00 1172
93	6906		croissant	0.00 1228
93	6906		decroissant	0.00 1168
93	6906		triPartiel	0.00 1172
93	6906		croissant	0.00 1212
93	6906		decroissant	0.00 1228
93	6906		triPartiel	0.00 1192
94	21211		croissant	0.00 1172
94	21211		decroissant	0.00 1204
94	21211		triPartiel	0.00 1196
94	21211		croissant	0.00 1248
94	21211		decroissant	0.00 1192
94	21211		triPartiel	0.00 1212
95	1060		croissant	0.00 1252
95	1060		decroissant	0.00 1248
95	1060		triPartiel	0.00 1200
95	1060		croissant	0.00 1228
95	1060		decroissant	0.00 1192
95	1060		triPartiel	0.00 1228
96	9559		croissant	0.00 1204
96	9559		decroissant	0.00 1160
96	9559		triPartiel	0.00 1176
96	9559		croissant	0.00 1204
96	9559		decroissant	0.00 1248
96	9559		triPartiel	0.00 1256
97	6638		croissant	0.00 1220
97	6638		decroissant	0.00 1204
97	6638		triPartiel	0.00 1180
97	6638		croissant	0.00 1216
97	6638		decroissant	0.00 1168
97	6638		triPartiel	0.00 1216
98	5897		croissant	0.00 1176
98	5897		decroissant	0.00 1180
98	5897		triPartiel	0.00 1168
98	5897		croissant	0.00 1156
98	5897		decroissant	0.00 1228
98	5897		triPartiel	0.00 1192
99	8807		croissant	0.00 1180
99	8807		decroissant	0.00 1216
99	8807		triPartiel	0.00 1220
99	8807		croissant	0.00 1256
99	8807		decroissant	0.00 1212
99	8807		triPartiel	0.00 1248
100	19034		croissant	0.00 1180
100	19034		decroissant	0.00 1212
100	19034		triPartiel	0.00 1168
100	19034		croissant	0.00 1228
100	19034		decroissant	0.00 1160
100	19034		triPartiel	0.00 1180
101	6817		croissant	0.00 1256
101	6817		decroissant	0.00 1204
101	6817		triPartiel	0.00 1192
101	6817		croissant	0.00 1248
101	6817		decroissant	0.00 1192
101	6817		triPartiel	0.00 1212
102	32237		croissant	0.00 1196
102	32237		decroissant	0.00 1188
102	32237		triPartiel	0.00 1220
102	32237		croissant	0.00 1216
102	32237		decroissant	0.00 1156
102	32237		triPartiel	0.00 1256
103	6723		croissant	0.00 1160
103	6723		decroissant	0.00 1180
103	6723		triPartiel	0.00 1252
103	6723		croissant	0.00 1204
103	6723		decroissant	0.00 1180
103	6723		triPartiel	0.00 1252
104	28841		croissant	0.00 1168
104	28841		decroissant	0.00 1256
104	28841		triPartiel	0.00 1216
104	28841		croissant	0.00 1216
104	28841		decroissant	0.00 1192
104	28841		triPartiel	0.00 1244
105	17249		croissant	0.00 1168
105	17249		decroissant	0.00 1248
105	17249		triPartiel	0.00 1168
105	17249		croissant	0.00 1228
105	17249		decroissant	0.00 1252
105	17249		triPartiel	0.00 1164
106	27567		croissant	0.00 1176
106	27567		decroissant	0.00 1196
106	27567		triPartiel	0.00 1256
106	27567		croissant	0.00 1192
106	27567		decroissant	0.00 1192
106	27567		triPartiel	0.00 1216
107	29888		croissant	0.00 1204
107	29888		decroissant	0.00 1156
107	29888		triPartiel	0.00 1168
107	29888		croissant	0.00 1212
107	29888		decroissant	0.00 1256
107	29888		triPartiel	0.00 1168
108	10922		croissant	0.00 1208
108	10922		decroissant	0.00 1252
108	10922		triPartiel	0.00 1164
108	10922		croissant	0.00 1160
108	10922		decroissant	0.00 1196
108	10922		triPartiel	0.00 1196
109	15085		croissant	0.00 1188
109	15085		decroissant	0.00 1224
109	15085		triPartiel	0.00 1168
109	15085		croissant	0.00 1196
109	15085		decroissant	0.00 1176
109	15085		triPartiel	0.00 1176
110	16886		croissant	0.00 1228
110	16886		decroissant	0.00 1172
110	16886		triPartiel	0.00 1228
110	16886		croissant	0.00 1216
110	16886		decroissant	0.00 1164
110	16886		triPartiel	0.00 1180
111	8888		croissant	0.00 1216
111	8888		decroissant	0.00 1252
111	8888		triPartiel	0.00 1164
111	8888		croissant	0.00 1252
111	8888		decroissant	0.00 1196
111	8888		triPartiel	0.00 1204
112	439		croissant	0.00 1212
112	439		decroissant	0.00 1176
112	439		triPartiel	0.00 1220
112	439		croissant	0.00 1180
112	439		decroissant	0.00 1244
112	439		triPartiel	0.00 1160
113	25762		croissant	0.00 1188
113	25762		decroissant	0.00 1228
113	25762		triPartiel	0.00 1168
113	25762		croissant	0.00 1168
113	25762		decroissant	0.00 1228
113	25762		triPartiel	0.00 1184
114	28473		croissant	0.00 1252
114	28473		decroissant	0.00 1200
114	28473		triPartiel	0.00 1156
114	28473		croissant	0.00 1180
114	28473		decroissant	0.00 1248
114	28473		triPartiel	0.00 1160
115	13418		croissant	0.00 1180
115	13418		decroissant	0.00 1212
115	13418		triPartiel	0.00 1176
115	13418		croissant	0.00 1180
115	13418		decroissant	0.00 1216
115	13418		triPartiel	0.00 1196
116	17070		croissant	0.00 1248
116	17070		decroissant	0.00 1192
116	17070		triPartiel	0.00 1176
116	17070		croissant	0.00 1212
116	17070		decroissant	0.00 1216
116	17070		triPartiel	0.00 1172
117	466		croissant	0.00 1216
117	466		decroissant	0.00 1252
117	466		triPartiel	0.00 1220
117	466		croissant	0.00 1256
117	466		decroissant	0.00 1220
117	466		triPartiel	0.00 1180
118	14418		croissant	0.00 1248
118	14418		decroissant	0.00 1212
118	14418		triPartiel	0.00 1216
118	14418		croissant	0.00 1172
118	14418		decroissant	0.00 1252
118	14418		triPartiel	0.00 1184
119	21031		croissant	0.00 1192
119	21031		decroissant	0.00 1176
119	21031		triPartiel	0.00 1168
119	21031		croissant	0.00 1176
119	21031		decroissant	0.00 1256
119	21031		triPartiel	0.00 1216
120	13426		croissant	0.00 1212
120	13426		decroissant	0.00 1184
120	13426		triPartiel	0.00 1204
120	13426		croissant	0.00 1168
120	13426		decroissant	0.00 1248
120	13426		triPartiel	0.00 1252
121	28570		croissant	0.00 1248
121	28570		decroissant	0.00 1180
121	28570		triPartiel	0.00 1176
121	28570		croissant	0.00 1220
121	28570		decroissant	0.00 1248
121	28570		triPartiel	0.00 1228
122	15547		croissant	0.00 1200
122	15547		decroissant	0.00 1192
122	15547		triPartiel	0.00 1192
122	15547		croissant	0.00 1156
122	15547		decroissant	0.00 1180
122	15547		triPartiel	0.00 1176
123	28993		croissant	0.00 1216
123	28993		decroissant	0.00 1168
123	28993		triPartiel	0.00 1176
123	28993		croissant	0.00 1220
123	28993		decroissant	0.00 1200
123	28993		triPartiel	0.00 1188
124	9926		croissant	0.00 1184
124	9926		decroissant	0.00 1248
124	9926		triPartiel	0.00 1216
124	9926		croissant	0.00 1212
124	9926		decroissant	0.00 1228
124	9926		triPartiel	0.00 1224
125	11923		croissant	0.00 1184
125	11923		decroissant	0.00 1248
125	11923		triPartiel	0.00 1180
125	11923		croissant	0.00 1200
125	11923		decroissant	0.00 1220
125	11923		triPartiel	0.00 1212
126	31036		croissant	0.00 1172
126	31036		decroissant	0.00 1248
126	31036		triPartiel	0.00 1172
126	31036		croissant	0.00 1196
126	31036		decroissant	0.00 1196
126	31036		triPartiel	0.00 1164
127	7313		croissant	0.00 1180
127	7313		decroissant	0.00 1160
127	7313		triPartiel	0.00 1228
127	7313		croissant	0.00 1216
127	7313		decroissant	0.00 1180
127	7313		triPartiel	0.00 1208
128	17733		croissant	0.00 1192
128	17733		decroissant	0.00 1192
128	17733		triPartiel	0.00 1160
128	17733		croissant	0.00 1252
128	17733		decroissant	0.00 1176
128	17733		triPartiel	0.00 1212
129	31139		croissant	0.00 1204
129	31139		decroissant	0.00 1256
129	31139		triPartiel	0.00 1208
129	31139		croissant	0.00 1180
129	31139		decroissant	0.00 1168
129	31139		triPartiel	0.00 1168
130	28147		croissant	0.00 1192
130	28147		decroissant	0.00 1248
130	28147		triPartiel	0.00 1180
130	28147		croissant	0.00 1204
130	28147		decroissant	0.00 1188
130	28147		triPartiel	0.00 1248
131	5721		croissant	0.00 1212
131	5721		decroissant	0.00 1248
131	5721		triPartiel	0.00 1204
131	5721		croissant	0.00 1160
131	5721		decroissant	0.00 1252
131	5721		triPartiel	0.00 1192
132	31588		croissant	0.00 1180
132	31588		decroissant	0.00 1180
132	31588		triPartiel	0.00 1248
132	31588		croissant	0.00 1192
132	31588		decroissant	0.00 1256
132	31588		triPartiel	0.00 1248
133	8548		croissant	0.00 1216
133	8548		decroissant	0.00 1248
133	8548		triPartiel	0.00 1172
133	8548		croissant	0.00 1196
133	8548		decroissant	0.00 1252
133	8548		triPartiel	0.00 1220
134	26101		croissant	0.00 1172
134	26101		decroissant	0.00 1228
134	26101		triPartiel	0.00 1204
134	26101		croissant	0.00 1220
134	26101		decroissant	0.00 1192
134	26101		triPartiel	0.00 1192
135	1738		croissant	0.00 1164
135	1738		decroissant	0.00 1156
135	1738		triPartiel	0.00 1216
135	1738		croissant	0.00 1160
135	1738		decroissant	0.00 1184
135	1738		triPartiel	0.00 1160
136	1690		croissant	0.00 1248
136	1690		decroissant	0.00 1192
136	1690		triPartiel	0.00 1168
136	1690		croissant	0.00 1256
136	1690		decroissant	0.00 1208
136	1690		triPartiel	0.00 1248
137	13003		croissant	0.00 1224
137	13003		decroissant	0.00 1180
137	13003		triPartiel	0.00 1228
137	13003		croissant	0.00 1160
137	13003		decroissant	0.00 1180
137	13003		triPartiel	0.00 1252
138	31196		croissant	0.00 1180
138	31196		decroissant	0.00 1192
138	31196		triPartiel	0.00 1252
138	31196		croissant	0.00 1216
138	31196		decroissant	0.00 1212
138	31196		triPartiel	0.00 1252
139	31993		croissant	0.00 1252
139	31993		decroissant	0.00 1216
139	31993		triPartiel	0.00 1168
139	31993		croissant	0.00 1168
139	31993		decroissant	0.00 1168
139	31993		triPartiel	0.00 1172
140	32518		croissant	0.00 1160
140	32518		decroissant	0.00 1168
140	32518		triPartiel	0.00 1192
140	32518		croissant	0.00 1180
140	32518		decroissant	0.00 1212
140	32518		triPartiel	0.00 1256
141	3827		croissant	0.00 1220
141	3827		decroissant	0.00 1212
141	3827		triPartiel	0.00 1228
141	3827		croissant	0.00 1204
141	3827		decroissant	0.00 1172
141	3827		triPartiel	0.00 1220
142	12605		croissant	0.00 1228
142	12605		decroissant	0.00 1168
142	12605		triPartiel	0.00 1192
142	12605		croissant	0.00 1252
142	12605		decroissant	0.00 1192
142	12605		triPartiel	0.00 1204
143	22346		croissant	0.00 1256
143	22346		decroissant	0.00 1204
143	22346		triPartiel	0.00 1208
143	22346		croissant	0.00 1168
143	22346		decroissant	0.00 1252
143	22346		triPartiel	0.00 1228
144	6195		croissant	0.00 1216
144	6195		decroissant	0.00 1212
144	6195		triPartiel	0.00 1172
144	6195		croissant	0.00 1228
144	6195		decroissant	0.00 1212
144	6195		triPartiel	0.00 1172
145	25645		croissant	0.00 1228
145	25645		decroissant	0.00 1168
145	25645		triPartiel	0.00 1220
145	25645		croissant	0.00 1256
145	25645		decroissant	0.00 1196
145	25645		triPartiel	0.00 1196
146	8741		croissant	0.00 1176
146	8741		decroissant	0.00 1252
146	8741		triPartiel	0.00 1184
146	8741		croissant	0.00 1220
146	8741		decroissant	0.00 1172
146	8741		triPartiel	0.00 1192
147	29040		croissant	0.00 1168
147	29040		decroissant	0.00 1160
147	29040		triPartiel	0.00 1184
147	29040		croissant	0.00 1200
147	29040		decroissant	0.00 1176
147	29040		triPartiel	0.00 1172
148	3941		croissant	0.00 1168
148	3941		decroissant	0.00 1212
148	3941		triPartiel	0.00 1248
148	3941		croissant	0.00 1168
148	3941		decroissant	0.00 1212
148	3941		triPartiel	0.00 1172
149	25936		croissant	0.00 1248
149	25936		decroissant	0.00 1220
149	25936		triPartiel	0.00 1156
149	25936		croissant	0.00 1216
149	25936		decroissant	0.00 1252
149	25936		triPartiel	0.00 1184
150	5759		croissant	0.00 1252
150	5759		decroissant	0.00 1204
150	5759		triPartiel	0.00 1216
150	5759		croissant	0.00 1212
150	5759		decroissant	0.00 1176
150	5759		triPartiel	0.00 1152
151	15652		croissant	0.00 1172
151	15652		decroissant	0.00 1256
151	15652		triPartiel	0.00 1200
151	15652		croissant	0.00 1220
151	15652		decroissant	0.00 1248
151	15652		triPartiel	0.00 1196
152	14857		croissant	0.00 1252
152	14857		decroissant	0.00 1180
152	14857		triPartiel	0.00 1212
152	14857		croissant	0.00 1228
152	14857		decroissant	0.00 1172
152	14857		triPartiel	0.00 1176
153	30320		croissant	0.00 1248
153	30320		decroissant	0.00 1184
153	30320		triPartiel	0.00 1172
153	30320		croissant	0.00 1192
153	30320		decroissant	0.00 1252
153	30320		triPartiel	0.00 1172
154	31979		croissant	0.00 1196
154	31979		decroissant	0.00 1168
154	31979		triPartiel	0.00 1228
154	31979		croissant	0.00 1192
154	31979		decroissant	0.00 1160
154	31979		triPartiel	0.00 1252
155	28124		croissant	0.00 1160
155	28124		decroissant	0.00 1172
155	28124		triPartiel	0.00 1228
155	28124		croissant	0.00 1192
155	28124		decroissant	0.00 1252
155	28124		triPartiel	0.00 1204
156	12195		croissant	0.00 1180
156	12195		decroissant	0.00 1172
156	12195		triPartiel	0.00 1204
156	12195		croissant	0.00 1208
156	12195		decroissant	0.00 1204
156	12195		triPartiel	0.00 1160
157	12309		croissant	0.00 1204
157	12309		decroissant	0.00 1208
157	12309		triPartiel	0.00 1204
157	12309		croissant	0.00 1184
157	12309		decroissant	0.00 1220
157	12309		triPartiel	0.00 1196
158	32401		croissant	0.00 1160
158	32401		decroissant	0.00 1248
158	32401		triPartiel	0.00 1184
158	32401		croissant	0.00 1196
158	32401		decroissant	0.00 1212
158	32401		triPartiel	0.00 1252
159	11300		croissant	0.00 1256
159	11300		decroissant	0.00 1220
159	11300		triPartiel	0.00 1196
159	11300		croissant	0.00 1196
159	11300		decroissant	0.00 1204
159	11300		triPartiel	0.00 1168
160	13506		croissant	0.00 1164
160	13506		decroissant	0.00 1216
160	13506		triPartiel	0.00 1248
160	13506		croissant	0.00 1176
160	13506		decroissant	0.00 1192
160	13506		triPartiel	0.00 1164
161	30639		croissant	0.00 1220
161	30639		decroissant	0.00 1192
161	30639		triPartiel	0.00 1220
161	30639		croissant	0.00 1216
161	30639		decroissant	0.00 1176
161	30639		triPartiel	0.00 1252
162	15369		croissant	0.00 1220
162	15369		decroissant	0.00 1160
162	15369		triPartiel	0.00 1212
162	15369		croissant	0.00 1252
162	15369		decroissant	0.00 1180
162	15369		triPartiel	0.00 1212
163	6511		croissant	0.00 1216
163	6511		decroissant	0.00 1172
163	6511		triPartiel	0.00 1164
163	6511		croissant	0.00 1204
163	6511		decroissant	0.00 1212
163	6511		triPartiel	0.00 1176
164	7241		croissant	0.00 1252
164	7241		decroissant	0.00 1176
164	7241		triPartiel	0.00 1252
164	7241		croissant	0.00 1176
164	7241		decroissant	0.00 1196
164	7241		triPartiel	0.00 1248
165	12813		croissant	0.00 1180
165	12813		decroissant	0.00 1192
165	12813		triPartiel	0.00 1252
165	12813		croissant	0.00 1212
165	12813		decroissant	0.00 1204
165	12813		triPartiel	0.00 1248
166	18395		croissant	0.00 1216
166	18395		decroissant	0.00 1172
166	18395		triPartiel	0.00 1168
166	18395		croissant	0.00 1248
166	18395		decroissant	0.00 1252
166	18395		triPartiel	0.00 1212
167	10355		croissant	0.00 1164
167	10355		decroissant	0.00 1220
167	10355		triPartiel	0.00 1200
167	10355		croissant	0.00 1160
167	10355		decroissant	0.00 1220
167	10355		triPartiel	0.00 1200
168	28057		croissant	0.00 1228
168	28057		decroissant	0.00 1252
168	28057		triPartiel	0.00 1248
168	28057		croissant	0.00 1212
168	28057		decroissant	0.00 1252
168	28057		triPartiel	0.00 1248
169	7745		croissant	0.00 1180
169	7745		decroissant	0.00 1212
169	7745		triPartiel	0.00 1204
169	7745		croissant	0.00 1192
169	7745		decroissant	0.00 1180
169	7745		triPartiel	0.00 1248
170	25095		croissant	0.00 1192
170	25095		decroissant	0.00 1180
170	25095		triPartiel	0.00 1216
170	25095		croissant	0.00 1196
170	25095		decroissant	0.00 1192
170	25095		triPartiel	0.00 1228
171	27384		croissant	0.00 1224
171	27384		decroissant	0.00 1196
171	27384		triPartiel	0.00 1172
171	27384		croissant	0.00 1172
171	27384		decroissant	0.00 1176
171	27384		triPartiel	0.00 1256
172	4089		croissant	0.00 1180
172	4089		decroissant	0.00 1248
172	4089		triPartiel	0.00 1228
172	4089		croissant	0.00 1224
172	4089		decroissant	0.00 1248
172	4089		triPartiel	0.00 1248
173	32310		croissant	0.00 1160
173	32310		decroissant	0.00 1184
173	32310		triPartiel	0.00 1216
173	32310		croissant	0.00 1220
173	32310		decroissant	0.00 1256
173	32310		triPartiel	0.00 1180
174	18698		croissant	0.00 1196
174	18698		decroissant	0.00 1184
174	18698		triPartiel	0.00 1252
174	18698		croissant	0.00 1204
174	18698		decroissant	0.00 1212
174	18698		triPartiel	0.00 1220
175	24317		croissant	0.00 1220
175	24317		decroissant	0.00 1180
175	24317		triPartiel	0.00 1212
175	24317		croissant	0.00 1180
175	24317		decroissant	0.00 1192
175	24317		triPartiel	0.00 1220
176	530		croissant	0.00 1168
176	530		decroissant	0.00 1160
176	530		triPartiel	0.00 1196
176	530		croissant	0.00 1172
176	530		decroissant	0.00 1216
176	530		triPartiel	0.00 1212
177	5444		croissant	0.00 1180
177	5444		decroissant	0.00 1212
177	5444		triPartiel	0.00 1192
177	5444		croissant	0.00 1180
177	5444		decroissant	0.00 1252
177	5444		triPartiel	0.00 1256
178	17488		croissant	0.00 1160
178	17488		decroissant	0.00 1204
178	17488		triPartiel	0.00 1220
178	17488		croissant	0.00 1184
178	17488		decroissant	0.00 1228
178	17488		triPartiel	0.00 1216
179	5787		croissant	0.00 1216
179	5787		decroissant	0.00 1168
179	5787		triPartiel	0.00 1228
179	5787		croissant	0.00 1212
179	5787		decroissant	0.00 1220
179	5787		triPartiel	0.00 1252
180	18728		croissant	0.00 1244
180	18728		decroissant	0.00 1256
180	18728		triPartiel	0.00 1180
180	18728		croissant	0.00 1248
180	18728		decroissant	0.00 1184
180	18728		triPartiel	0.00 1176
181	10913		croissant	0.00 1188
181	10913		decroissant	0.00 1248
181	10913		triPartiel	0.00 1256
181	10913		croissant	0.00 1160
181	10913		decroissant	0.00 1228
181	10913		triPartiel	0.00 1168
182	3330		croissant	0.00 1220
182	3330		decroissant	0.00 1164
182	3330		triPartiel	0.00 1192
182	3330		croissant	0.00 1216
182	3330		decroissant	0.00 1180
182	3330		triPartiel	0.00 1220
183	10043		croissant	0.00 1160
183	10043		decroissant	0.00 1176
183	10043		triPartiel	0.00 1192
183	10043		croissant	0.00 1192
183	10043		decroissant	0.00 1180
183	10043		triPartiel	0.00 1212
184	24731		croissant	0.00 1192
184	24731		decroissant	0.00 1176
184	24731		triPartiel	0.00 1192
184	24731		croissant	0.00 1180
184	24731		decroissant	0.00 1248
184	24731		triPartiel	0.00 1212
185	14879		croissant	0.00 1220
185	14879		decroissant	0.00 1204
185	14879		triPartiel	0.00 1172
185	14879		croissant	0.00 1180
185	14879		decroissant	0.00 1192
185	14879		triPartiel	0.00 1168
186	8566		croissant	0.00 1176
186	8566		decroissant	0.00 1160
186	8566		triPartiel	0.00 1172
186	8566		croissant	0.00 1216
186	8566		decroissant	0.00 1172
186	8566		triPartiel	0.00 1172
187	4857		croissant	0.00 1252
187	4857		decroissant	0.00 1216
187	4857		triPartiel	0.00 1212
187	4857		croissant	0.00 1160
187	4857		decroissant	0.00 1192
187	4857		triPartiel	0.00 1228
188	29439		croissant	0.00 1228
188	29439		decroissant	0.00 1256
188	29439		triPartiel	0.00 1212
188	29439		croissant	0.00 1184
188	29439		decroissant	0.00 1180
188	29439		triPartiel	0.00 1220
189	2394		croissant	0.00 1256
189	2394		decroissant	0.00 1220
189	2394		triPartiel	0.00 1176
189	2394		croissant	0.00 1176
189	2394		decroissant	0.00 1256
189	2394		triPartiel	0.00 1228
190	4791		croissant	0.00 1160
190	4791		decroissant	0.00 1256
190	4791		triPartiel	0.00 1184
190	4791		croissant	0.00 1180
190	4791		decroissant	0.00 1196
190	4791		triPartiel	0.00 1252
191	28186		croissant	0.00 1176
191	28186		decroissant	0.00 1216
191	28186		triPartiel	0.00 1220
191	28186		croissant	0.00 1168
191	28186		decroissant	0.00 1220
191	28186		triPartiel	0.00 1244
192	6989		croissant	0.00 1228
192	6989		decroissant	0.00 1168
192	6989		triPartiel	0.00 1212
192	6989		croissant	0.00 1192
192	6989		decroissant	0.00 1196
192	6989		triPartiel	0.00 1216
193	12093		croissant	0.00 1172
193	12093		decroissant	0.00 1216
193	12093		triPartiel	0.00 1160
193	12093		croissant	0.00 1248
193	12093		decroissant	0.00 1192
193	12093		triPartiel	0.00 1248
194	5658		croissant	0.00 1192
194	5658		decroissant	0.00 1220
194	5658		triPartiel	0.00 1252
194	5658		croissant	0.00 1168
194	5658		decroissant	0.00 1176
194	5658		triPartiel	0.00 1216
195	8635		croissant	0.00 1176
195	8635		decroissant	0.00 1172
195	8635		triPartiel	0.00 1184
195	8635		croissant	0.00 1160
195	8635		decroissant	0.00 1208
195	8635		triPartiel	0.00 1172
196	18018		croissant	0.00 1212
196	18018		decroissant	0.00 1160
196	18018		triPartiel	0.00 1184
196	18018		croissant	0.00 1176
196	18018		decroissant	0.00 1228
196	18018		triPartiel	0.00 1256
197	29620		croissant	0.00 1204
197	29620		decroissant	0.00 1228
197	29620		triPartiel	0.00 1252
197	29620		croissant	0.00 1180
197	29620		decroissant	0.00 1192
197	29620		triPartiel	0.00 1248
198	26494		croissant	0.00 1168
198	26494		decroissant	0.00 1220
198	26494		triPartiel	0.00 1196
198	26494		croissant	0.00 1256
198	26494		decroissant	0.00 1252
198	26494		triPartiel	0.00 1256
199	19792		croissant	0.00 1204
199	19792		decroissant	0.00 1168
199	19792		triPartiel	0.00 1180
199	19792		croissant	0.00 1216
199	19792		decroissant	0.00 1196
199	19792		triPartiel	0.00 1248
200	30416		croissant	0.00 1192
200	30416		decroissant	0.00 1168
200	30416		triPartiel	0.00 1212
200	30416		croissant	0.00 1204
200	30416		decroissant	0.00 1172
200	30416		triPartiel	0.00 1252
