test	taille	exe	exectime	memory	mmm
1	1000	fus	0.00 1248		1	
1	1000	rap	0.00 1344		1	
1	1000	ins	0.00 1132			1
2	42000	fus	0.00 1916	1		
2	42000	ins	2.65 1564			1
2	42000	rap	2.95 4200		1	
3	14000	fus	0.00 1448	1		
3	14000	ins	0.28 1384			1
3	14000	rap	0.32 2224		1	
4	20000	fus	0.00 1568	1		
4	20000	ins	0.60 1440			1
4	20000	rap	0.66 2500		1	
5	21000	fus	0.00 1564	1		
5	21000	ins	0.65 1424			1
5	21000	rap	0.72 2752		1	
6	18000	fus	0.00 1568	1		
6	18000	ins	0.48 1324			1
6	18000	rap	0.53 2512		1	
7	8000	fus	0.00 1476	1		
7	8000	ins	0.10 1336			1
7	8000	rap	0.10 1748		1	
8	13000	fus	0.00 1492	1		
8	13000	ins	0.25 1220			1
8	13000	rap	0.28 2156		1	
9	32000	fus	0.00 1812	1		
9	32000	ins	1.52 1504			1
9	32000	rap	1.69 3484		1	
10	7000	fus	0.00 1380	1		
10	7000	ins	0.07 1272			1
10	7000	rap	0.08 1708		1	
11	0	ins	0.00 1272	1		
11	0	rap	0.00 1256	1		
11	0	fus	0.00 1180	1		
12	44000	fus	0.00 2044	1		
12	44000	ins	2.89 1600			1
12	44000	rap	3.23 4296		1	
13	55000	fus	0.00 2144	1		
13	55000	ins	4.61 1612			1
13	55000	rap	5.16 5088		1	
14	54000	fus	0.00 2156	1		
14	54000	ins	4.44 1684			1
14	54000	rap	4.92 5024		1	
15	23000	fus	0.00 1640	1		
15	23000	ins	0.80 1464			1
15	23000	rap	0.89 2780		1	
16	5000	fus	0.00 1260	1		
16	5000	ins	0.04 1216		1	
16	5000	rap	0.04 1520		1	
17	40000	fus	0.00 1888	1		
17	40000	ins	2.43 1540			1
17	40000	rap	2.68 3988		1	
18	4000	fus	0.00 1320	1		
18	4000	ins	0.02 1256			1
18	4000	rap	0.02 1476		1	
19	50000	fus	0.01 1964	1		
19	50000	ins	4.03 1684			1
19	50000	rap	4.36 4764		1	
20	50000	fus	0.00 2072	1		
20	50000	ins	3.86 1644			1
20	50000	rap	4.33 4760		1	
21	13000	fus	0.00 1460	1		
21	13000	ins	0.25 1324			1
21	13000	rap	0.29 2152		1	
22	13000	fus	0.00 1488	1		
22	13000	ins	0.27 1348			1
22	13000	rap	0.31 2100		1	
23	52000	fus	0.01 2068	1		
23	52000	ins	4.22 1684			1
23	52000	rap	4.64 4880		1	
24	36000	fus	0.00 1808	1		
24	36000	ins	1.95 1568			1
24	36000	rap	2.16 3800		1	
25	45000	fus	0.00 2012	1		
25	45000	ins	3.09 1620			1
25	45000	rap	3.38 4332		1	
26	13000	fus	0.00 1476	1		
26	13000	ins	0.26 1352			1
26	13000	rap	0.28 2024		1	
27	21000	fus	0.00 1644	1		
27	21000	ins	0.67 1396			1
27	21000	rap	0.74 2644		1	
28	29000	fus	0.00 1744	1		
28	29000	ins	1.27 1412			1
28	29000	rap	1.40 3200		1	
29	2000	fus	0.00 1340	1		
29	2000	ins	0.00 1296			1
29	2000	rap	0.00 1260		1	
30	18000	fus	0.00 1456	1		
30	18000	ins	0.49 1340			1
30	18000	rap	0.54 2452		1	
31	21000	fus	0.00 1604	1		
31	21000	ins	0.66 1340			1
31	21000	rap	0.73 2716		1	
32	59000	fus	0.01 2176	1		
32	59000	ins	5.18 1660			1
32	59000	rap	5.81 5392		1	
33	15000	fus	0.00 1520	1		
33	15000	ins	0.35 1392			1
33	15000	rap	0.39 2208		1	
34	1000	fus	0.00 1272			1
34	1000	ins	0.00 1208		1	
34	1000	rap	0.00 1324		1	
35	56000	fus	0.01 2108	1		
35	56000	ins	4.71 1692			1
35	56000	rap	5.22 5080		1	
36	54000	fus	0.01 2092	1		
36	54000	ins	4.38 1656			1
36	54000	rap	4.85 4956		1	
37	50000	fus	0.00 2048	1		
37	50000	ins	3.74 1516			1
37	50000	rap	4.16 4716		1	
38	45000	fus	0.00 1940	1		
38	45000	ins	3.03 1584			1
38	45000	rap	3.37 4392		1	
39	47000	fus	0.00 1968	1		
39	47000	ins	3.32 1592			1
39	47000	rap	3.67 4468		1	
40	6000	fus	0.00 1360	1		
40	6000	rap	0.06 1688		1	
40	6000	ins	0.05 1228			1
41	19000	fus	0.00 1580	1		
41	19000	ins	0.54 1404			1
41	19000	rap	0.60 2556		1	
42	19000	fus	0.00 1580	1		
42	19000	ins	0.54 1352			1
42	19000	rap	0.60 2516		1	
43	14000	fus	0.00 1484	1		
43	14000	ins	0.30 1392			1
43	14000	rap	0.33 2208		1	
44	51000	fus	0.01 2028	1		
44	51000	ins	3.88 1656			1
44	51000	rap	4.33 4816		1	
45	20000	fus	0.00 1672	1		
45	20000	ins	0.60 1436			1
45	20000	rap	0.66 2576		1	
46	33000	fus	0.00 1804	1		
46	33000	ins	1.64 1384			1
46	33000	rap	1.82 3472		1	
47	39000	fus	0.00 1868	1		
47	39000	ins	2.27 1596			1
47	39000	rap	2.54 3964		1	
48	29000	fus	0.00 1692	1		
48	29000	ins	1.27 1460			1
48	29000	rap	1.41 3200		1	
49	42000	fus	0.00 1916	1		
49	42000	ins	2.64 1600			1
49	42000	rap	2.94 4188		1	
50	48000	fus	0.00 2016	1		
50	48000	ins	3.47 1576			1
50	48000	rap	3.88 4616		1	
51	9000	fus	0.00 1488	1		
51	9000	ins	0.12 1360			1
51	9000	rap	0.14 1796		1	
52	37000	fus	0.00 1852	1		
52	37000	ins	2.06 1568			1
52	37000	rap	2.29 3772		1	
53	19000	fus	0.00 1612	1		
53	19000	ins	0.55 1336			1
53	19000	rap	0.60 2604		1	
54	23000	fus	0.00 1544	1		
54	23000	ins	0.84 1424			1
54	23000	rap	0.92 2832		1	
55	24000	fus	0.00 1728	1		
55	24000	ins	0.87 1384			1
55	24000	rap	0.96 2900		1	
56	40000	fus	0.00 1868	1		
56	40000	ins	2.47 1536			1
56	40000	rap	2.73 4072		1	
57	0	fus	0.00 1196		1	
57	0	rap	0.00 1180		1	
57	0	ins	0.00 1184		1	
58	25000	fus	0.00 1748	1		
58	25000	ins	0.94 1488			1
58	25000	rap	1.04 2964		1	
59	46000	fus	0.00 1992	1		
59	46000	ins	3.18 1584			1
59	46000	rap	3.53 4328		1	
60	16000	fus	0.00 1528	1		
60	16000	ins	0.41 1376			1
60	16000	rap	0.45 2400		1	
61	32000	fus	0.00 1680	1		
61	32000	ins	1.55 1508			1
61	32000	rap	1.72 3484		1	
62	8000	fus	0.00 1432	1		
62	8000	ins	0.10 1184			1
62	8000	rap	0.10 1728		1	
63	9000	fus	0.00 1372	1		
63	9000	ins	0.13 1248			1
63	9000	rap	0.14 1896		1	
64	52000	fus	0.00 2048	1		
64	52000	ins	4.05 1700			1
64	52000	rap	4.52 4820		1	
65	48000	fus	0.00 1992	1		
65	48000	ins	3.46 1632			1
65	48000	rap	3.85 4468		1	
66	59000	fus	0.00 2184	1		
66	59000	ins	5.21 1724			1
66	59000	rap	5.81 5384		1	
67	10000	fus	0.00 1508	1		
67	10000	ins	0.20 1276			1
67	10000	rap	0.22 1944		1	
68	34000	fus	0.00 1840	1		
68	34000	ins	1.78 1464			1
68	34000	rap	1.95 3656		1	
69	10000	fus	0.00 1468	1		
69	10000	ins	0.18 1308			1
69	10000	rap	0.20 1872		1	
70	18000	fus	0.00 1604	1		
70	18000	ins	0.50 1316			1
70	18000	rap	0.57 2524		1	
71	57000	fus	0.01 2208	1		
71	57000	ins	5.54 1572			1
71	57000	rap	6.00 5248		1	
72	40000	fus	0.00 1908	1		
72	40000	ins	2.42 1540			1
72	40000	rap	2.69 3988		1	
73	0	ins	0.00 1124			
73	0	rap	0.00 1180			
73	0	fus	0.00 1276			
74	42000	fus	0.00 1932	1		
74	42000	ins	2.70 1612			1
74	42000	rap	3.00 4052		1	
75	20000	fus	0.00 1628	1		
75	20000	ins	0.62 1284			1
75	20000	rap	0.70 2648		1	
76	48000	fus	0.00 2040	1		
76	48000	ins	3.71 1560			1
76	48000	rap	4.08 4540		1	
77	41000	fus	0.00 1996	1		
77	41000	ins	2.80 1508			1
77	41000	rap	3.05 4040		1	
78	18000	fus	0.00 1572	1		
78	18000	ins	0.50 1376			1
78	18000	rap	0.55 2532		1	
79	41000	fus	0.00 1876	1		
79	41000	ins	2.71 1604			1
79	41000	rap	3.05 4140		1	
80	34000	fus	0.00 1792	1		
80	34000	ins	2.41 1500			1
80	34000	rap	2.60 3624		1	
81	29000	fus	0.00 1728	1		
81	29000	ins	1.30 1392			1
81	29000	rap	1.47 3244		1	
82	48000	fus	0.00 2064	1		
82	48000	ins	4.05 1656			1
82	48000	rap	4.45 4600		1	
83	31000	fus	0.00 1796	1		
83	31000	ins	1.57 1424			1
83	31000	rap	1.67 3444		1	
84	53000	fus	0.01 2184	1		
84	53000	ins	4.28 1596			1
84	53000	rap	4.84 4952		1	
85	48000	fus	0.00 2108	1		
85	48000	ins	4.22 1652			1
85	48000	rap	4.60 4520		1	
86	26000	fus	0.00 1644	1		
86	26000	ins	1.35 1380			1
86	26000	rap	1.48 3088		1	
87	18000	fus	0.00 1516	1		
87	18000	ins	0.61 1412			1
87	18000	rap	0.66 2440		1	
88	17000	fus	0.00 1624	1		
88	17000	ins	0.58 1392			1
88	17000	rap	0.61 2368		1	
89	33000	fus	0.00 1872	1		
89	33000	ins	2.28 1444			1
89	33000	rap	2.40 3468		1	
90	57000	fus	0.01 2128	1		
90	57000	ins	5.73 1708			1
90	57000	rap	6.00 5096		1	
91	12000	fus	0.00 1472	1		
91	12000	ins	0.25 1348			1
91	12000	rap	0.27 2064		1	
92	3000	fus	0.00 1336	1		
92	3000	ins	0.01 1224			1
92	3000	rap	0.02 1392		1	
93	54000	fus	0.01 2088	1		
93	54000	ins	4.56 1596			1
93	54000	rap	4.98 5040		1	
94	57000	fus	0.01 2180	1		
94	57000	ins	5.19 1632			1
94	57000	rap	5.72 5148		1	
95	40000	fus	0.00 1980	1		
95	40000	ins	2.88 1436			1
95	40000	rap	3.10 4068		1	
96	38000	fus	0.00 1880	1		
96	38000	ins	2.30 1552			1
96	38000	rap	2.52 3928		1	
97	22000	fus	0.00 1620	1		
97	22000	ins	0.82 1432			1
97	22000	rap	0.88 2732		1	
98	53000	fus	0.01 2112	1		
98	53000	ins	4.30 1648			1
98	53000	rap	4.82 4924		1	
99	54000	fus	0.01 2112	1		
99	54000	ins	4.40 1712			1
99	54000	rap	4.96 4948		1	
100	54000	fus	0.00 2124	1		
100	54000	ins	4.47 1716			1
100	54000	rap	4.98 4960		1	
101	47000	fus	0.00 2016	1		
101	47000	ins	3.34 1628			1
101	47000	rap	3.75 4456		1	
102	32000	fus	0.00 1812	1		
102	32000	ins	1.70 1508			1
102	32000	rap	1.86 3408		1	
103	22000	fus	0.00 1580	1		
103	22000	ins	0.74 1464			1
103	22000	rap	0.82 2724		1	
104	18000	fus	0.00 1596	1		
104	18000	ins	0.54 1420			1
104	18000	rap	0.56 2428		1	
105	16000	fus	0.00 1564	1		
105	16000	ins	0.40 1344			1
105	16000	rap	0.44 2308		1	
106	51000	fus	0.01 2032	1		
