test	taille	exe	exectime	memory	mmm
1	13980	rapAlea	0.00 1304	1
1	13980	rapDec	0.34 2444	1
1	13980	rapCroi	0.42 2176	1
2	24859	rapAlea	0.00 1468	1
2	24859	rapDec	1.06 3300	1
2	24859	rapCroi	1.34 3016	1
3	25081	rapAlea	0.00 1476	1
3	25081	rapDec	1.08 3144	1
3	25081	rapCroi	1.39 2956	1
4	15444	rapAlea	0.00 1372	1
4	15444	rapDec	0.42 2568	1
4	15444	rapCroi	0.52 2208	1
5	12507	rapAlea	0.00 1352	1
5	12507	rapDec	0.27 2264	1
5	12507	rapCroi	0.33 2052	1
6	5004	rapAlea	0.00 1320	1
6	5004	rapDec	0.04 1900	1
6	5004	rapCroi	0.05 1536	1
7	1005	rapAlea	0.00 1192	1
7	1005	rapDec	0.00 1560	1
7	1005	rapCroi	0.00 1244	1
8	28541	rapAlea	0.00 1448	1
8	28541	rapDec	1.41 3488	1
8	28541	rapCroi	1.77 3236	1
9	32277	rapAlea	0.00 1452	1
9	32277	rapDec	1.82 3580	1
9	32277	rapCroi	2.27 3464	1
10	19938	rapAlea	0.00 1380	1
10	19938	rapDec	0.79 2792	1
10	19938	rapCroi	0.95 2632	1
11	24153	rapAlea	0.00 1448	1
11	24153	rapDec	1.14 3192	1
11	24153	rapCroi	1.41 2956	1
12	22468	rapAlea	0.00 1432	1
12	22468	rapDec	0.88 3044	1
12	22468	rapCroi	1.16 2844	1
13	12298	rapAlea	0.00 1320	1
13	12298	rapDec	0.28 2256	1
13	12298	rapCroi	0.36 2092	1
14	2793	rapAlea	0.00 1280	1
14	2793	rapCroi	0.02 1452	1
14	2793	rapDec	0.01 1628	1
15	1660	rapAlea	0.00 1304	1
15	1660	rapCroi	0.00 1292	1
15	1660	rapDec	0.00 1596	1
16	19710	rapAlea	0.00 1440	1
16	19710	rapDec	0.68 2848	1
16	19710	rapCroi	0.84 2532	1
17	21390	rapAlea	0.00 1368	1
17	21390	rapDec	0.82 2812	1
17	21390	rapCroi	1.03 2704	1
18	10883	rapAlea	0.00 1376	1
18	10883	rapDec	0.22 2212	1
18	10883	rapCroi	0.27 2036	1
19	14169	rapAlea	0.00 1392	1
19	14169	rapDec	0.36 2384	1
19	14169	rapCroi	0.45 2224	1
20	28516	rapAlea	0.00 1400	1
20	28516	rapDec	1.41 3388	1
20	28516	rapCroi	1.77 3256	1
21	14611	rapAlea	0.00 1292	1
21	14611	rapDec	0.38 2512	1
21	14611	rapCroi	0.48 2204	1
22	16373	rapAlea	0.00 1420	1
22	16373	rapDec	0.47 2628	1
22	16373	rapCroi	0.60 2400	1
23	3004	rapAlea	0.00 1276	1
23	3004	rapDec	0.02 1652	1
23	3004	rapCroi	0.02 1476	1
24	31317	rapAlea	0.00 1528	1
24	31317	rapDec	1.75 3640	1
24	31317	rapCroi	2.20 3388	1
25	29070	rapAlea	0.00 1352	1
25	29070	rapDec	1.47 3532	1
25	29070	rapCroi	1.88 3264	1
26	18332	rapAlea	0.00 1408	1
26	18332	rapDec	0.60 2736	1
26	18332	rapCroi	0.75 2572	1
27	28186	rapAlea	0.00 1480	1
27	28186	rapDec	1.41 3376	1
27	28186	rapCroi	1.74 3272	1
28	32482	rapAlea	0.00 1436	1
28	32482	rapDec	1.86 3760	1
28	32482	rapCroi	2.35 3540	1
29	13304	rapAlea	0.00 1372	1
29	13304	rapDec	0.30 2328	1
29	13304	rapCroi	0.38 2212	1
30	760	rapCroi	0.00 1232	1
30	760	rapDec	0.00 1432	1
30	760	rapAlea	0.00 1176	1
31	6879	rapAlea	0.00 1236	1
31	6879	rapDec	0.08 1860	1
31	6879	rapCroi	0.10 1676	1
32	21558	rapAlea	0.00 1368	1
32	21558	rapDec	0.84 3008	1
32	21558	rapCroi	1.08 2712	1
33	22384	rapAlea	0.00 1456	1
33	22384	rapDec	0.91 3060	1
33	22384	rapCroi	1.15 2848	1
34	10118	rapAlea	0.00 1340	1
34	10118	rapDec	0.19 2156	1
34	10118	rapCroi	0.24 1964	1
35	25710	rapAlea	0.00 1400	1
35	25710	rapDec	1.14 3196	1
35	25710	rapCroi	1.42 2988	1
36	12293	rapAlea	0.00 1348	1
36	12293	rapDec	0.27 2340	1
36	12293	rapCroi	0.34 2064	1
37	16560	rapAlea	0.00 1396	1
37	16560	rapDec	0.49 2712	1
37	16560	rapCroi	0.61 2384	1
38	26301	rapAlea	0.00 1500	1
38	26301	rapDec	1.22 3300	1
38	26301	rapCroi	1.55 3128	1
39	3522	rapAlea	0.00 1208	1
39	3522	rapDec	0.02 1720	1
39	3522	rapCroi	0.03 1472	1
40	25055	rapAlea	0.00 1472	1
40	25055	rapDec	1.16 3152	1
40	25055	rapCroi	1.45 2940	1
41	13344	rapAlea	0.00 1356	1
41	13344	rapDec	0.30 2312	1
41	13344	rapCroi	0.38 2136	1
42	16622	rapAlea	0.00 1396	1
42	16622	rapDec	0.50 2556	1
42	16622	rapCroi	0.61 2412	1
43	1177	rapAlea	0.00 1296	1
43	1177	rapDec	0.00 1560	1
43	1177	rapCroi	0.00 1344	1
44	26272	rapAlea	0.00 1476	1
44	26272	rapDec	1.21 3160	1
44	26272	rapCroi	1.52 3136	1
45	18126	rapAlea	0.00 1408	1
45	18126	rapDec	0.56 2764	1
45	18126	rapCroi	0.71 2552	1
46	32465	rapAlea	0.00 1456	1
46	32465	rapDec	1.86 3836	1
46	32465	rapCroi	2.38 3460	1
47	31044	rapAlea	0.00 1368	1
47	31044	rapDec	1.70 3636	1
47	31044	rapCroi	2.15 3460	1
48	31288	rapAlea	0.00 1480	1
48	31288	rapDec	1.71 3592	1
48	31288	rapCroi	2.13 3384	1
49	10217	rapAlea	0.00 1332	1
49	10217	rapDec	0.19 2164	1
49	10217	rapCroi	0.25 2000	1
50	15567	rapAlea	0.00 1244	1
50	15567	rapDec	0.43 2636	1
50	15567	rapCroi	0.54 2292	1
51	27670	rapAlea	0.00 1404	1
51	27670	rapDec	1.33 3400	1
51	27670	rapCroi	1.68 3228	1
52	16534	rapAlea	0.00 1328	1
52	16534	rapDec	0.47 2548	1
52	16534	rapCroi	0.59 2356	1
53	21925	rapAlea	0.00 1456	1
53	21925	rapDec	0.83 3008	1
53	21925	rapCroi	1.06 2772	1
54	18748	rapAlea	0.00 1272	1
54	18748	rapDec	0.62 2628	1
54	18748	rapCroi	0.80 2568	1
55	4567	rapAlea	0.00 1212	1
55	4567	rapDec	0.05 1708	1
55	4567	rapCroi	0.06 1500	1
56	24284	rapAlea	0.00 1468	1
56	24284	rapDec	1.03 3192	1
56	24284	rapCroi	1.30 2992	1
57	26695	rapAlea	0.00 1468	1
57	26695	rapDec	1.26 3260	1
57	26695	rapCroi	1.56 3052	1
58	11172	rapAlea	0.00 1344	1
58	11172	rapDec	0.21 2336	1
58	11172	rapCroi	0.27 2004	1
59	17224	rapAlea	0.00 1328	1
59	17224	rapDec	0.51 2760	1
59	17224	rapCroi	0.64 2444	1
60	16017	rapAlea	0.00 1348	1
60	16017	rapDec	0.44 2612	1
60	16017	rapCroi	0.56 2376	1
61	16472	rapAlea	0.00 1320	1
61	16472	rapDec	0.48 2600	1
61	16472	rapCroi	0.62 2404	1
62	25504	rapAlea	0.00 1432	1
62	25504	rapDec	1.15 3100	1
62	25504	rapCroi	1.44 3044	1
63	11996	rapAlea	0.00 1216	1
63	11996	rapDec	0.26 2392	1
63	11996	rapCroi	0.32 2108	1
64	29707	rapAlea	0.00 1460	1
64	29707	rapDec	1.52 3552	1
64	29707	rapCroi	1.94 3364	1
65	2074	rapAlea	0.00 1268	1
65	2074	rapDec	0.00 1628	1
65	2074	rapCroi	0.01 1344	1
66	28415	rapAlea	0.00 1480	1
66	28415	rapDec	1.42 3440	1
66	28415	rapCroi	1.75 3232	1
67	24015	rapAlea	0.00 1416	1
67	24015	rapDec	0.98 3156	1
67	24015	rapCroi	1.24 2864	1
68	27169	rapAlea	0.00 1468	1
68	27169	rapDec	1.30 3384	1
68	27169	rapCroi	1.62 3112	1
69	23707	rapAlea	0.00 1420	1
69	23707	rapDec	0.98 3052	1
69	23707	rapCroi	1.21 2868	1
70	22860	rapAlea	0.00 1440	1
70	22860	rapDec	0.90 3080	1
70	22860	rapCroi	1.15 2804	1
71	6106	rapAlea	0.00 1272	1
71	6106	rapDec	0.07 1904	1
71	6106	rapCroi	0.08 1652	1
72	27959	rapAlea	0.00 1472	1
72	27959	rapDec	1.36 3356	1
72	27959	rapCroi	1.72 3256	1
73	28342	rapAlea	0.00 1424	1
73	28342	rapDec	1.40 3424	1
73	28342	rapCroi	1.75 3172	1
74	30652	rapAlea	0.00 1424	1
74	30652	rapDec	1.64 3640	1
74	30652	rapCroi	2.04 3404	1
75	31122	rapAlea	0.00 1528	1
75	31122	rapDec	1.70 3568	1
75	31122	rapCroi	2.12 3388	1
76	2108	rapAlea	0.00 1240	1
76	2108	rapCroi	0.00 1420	1
76	2108	rapDec	0.00 1456	1
77	13987	rapAlea	0.00 1376	1
77	13987	rapDec	0.33 2464	1
77	13987	rapCroi	0.42 2212	1
78	9191	rapAlea	0.00 1268	1
78	9191	rapDec	0.16 2096	1
78	9191	rapCroi	0.20 1908	1
79	7993	rapAlea	0.00 1340	1
79	7993	rapDec	0.11 2020	1
79	7993	rapCroi	0.14 1836	1
80	27652	rapAlea	0.00 1392	1
80	27652	rapDec	1.32 3424	1
80	27652	rapCroi	1.64 3068	1
81	3488	rapAlea	0.00 1288	1
81	3488	rapDec	0.03 1680	1
81	3488	rapCroi	0.04 1516	1
82	9125	rapAlea	0.00 1364	1
82	9125	rapDec	0.15 2084	1
82	9125	rapCroi	0.19 1812	1
83	25844	rapAlea	0.00 1452	1
83	25844	rapDec	1.14 3200	1
83	25844	rapCroi	1.44 3000	1
84	24907	rapAlea	0.00 1380	1
84	24907	rapDec	1.06 3136	1
84	24907	rapCroi	1.34 2932	1
85	12850	rapAlea	0.00 1360	1
85	12850	rapDec	0.28 2292	1
85	12850	rapCroi	0.36 2176	1
86	8975	rapAlea	0.00 1192	1
86	8975	rapDec	0.14 2076	1
86	8975	rapCroi	0.18 1804	1
87	26264	rapAlea	0.00 1392	1
87	26264	rapDec	1.18 3240	1
87	26264	rapCroi	1.48 3128	1
88	2836	rapAlea	0.00 1288	1
88	2836	rapCroi	0.02 1472	1
88	2836	rapDec	0.01 1684	1
89	21793	rapAlea	0.00 1352	1
89	21793	rapDec	0.84 2984	1
89	21793	rapCroi	1.05 2800	1
90	5477	rapAlea	0.00 1240	1
90	5477	rapDec	0.04 1692	1
90	5477	rapCroi	0.06 1632	1
91	11865	rapAlea	0.00 1372	1
91	11865	rapDec	0.24 2144	1
91	11865	rapCroi	0.30 2012	1
92	4044	rapAlea	0.00 1292	1
92	4044	rapDec	0.04 1720	1
92	4044	rapCroi	0.04 1460	1
93	20348	rapAlea	0.00 1444	1
93	20348	rapDec	0.71 2920	1
93	20348	rapCroi	0.88 2712	1
94	28520	rapAlea	0.00 1516	1
94	28520	rapDec	1.39 3388	1
94	28520	rapCroi	1.74 3292	1
95	19183	rapAlea	0.00 1328	1
95	19183	rapDec	0.62 2740	1
95	19183	rapCroi	0.79 2520	1
96	12433	rapAlea	0.00 1276	1
96	12433	rapDec	0.27 2336	1
96	12433	rapCroi	0.34 2092	1
97	6076	rapAlea	0.00 1172	1
97	6076	rapDec	0.07 1820	1
97	6076	rapCroi	0.09 1600	1
98	16981	rapAlea	0.00 1412	1
98	16981	rapDec	0.50 2588	1
98	16981	rapCroi	0.62 2476	1
99	2135	rapAlea	0.00 1308	1
99	2135	rapDec	0.00 1640	1
99	2135	rapCroi	0.00 1320	1
100	2919	rapAlea	0.00 1300	1
100	2919	rapDec	0.01 1640	1
100	2919	rapCroi	0.02 1424	1
